0 9
0 167
1 43
1 8
2 287
2 120
2 208
3 243
3 275
4 49
5 303
5 152
6 20
6 213
7 180
7 145
7 272
8 1
8 307
8 170
9 0
9 45
9 195
10 294
10 166
10 234
11 211
12 254
12 85
12 52
12 50
13 38
13 226
13 29
14 108
14 172
14 293
15 39
15 232
16 47
16 94
16 50
17 105
17 312
18 170
18 81
19 22
19 229
20 6
20 260
21 186
21 187
21 184
22 206
22 19
22 58
22 253
23 53
23 134
23 154
24 159
24 242
24 60
25 162
25 288
25 190
26 54
27 191
27 292
27 220
27 229
27 43
28 204
28 198
29 13
29 48
29 228
30 111
30 41
31 307
31 59
32 49
32 132
32 126
33 243
33 223
33 200
34 120
34 107
34 114
35 77
35 70
36 303
36 100
36 231
37 267
37 116
37 279
38 13
38 119
39 15
39 47
39 305
40 276
40 313
41 30
41 65
42 309
42 285
42 72
42 181
42 59
43 1
43 27
44 221
44 270
44 222
45 245
45 9
46 299
46 281
46 203
47 16
47 39
48 29
48 257
49 32
49 4
49 312
50 16
50 193
50 12
51 113
51 188
51 132
52 85
52 12
52 246
52 165
53 23
53 191
53 220
53 179
54 26
54 266
54 250
55 75
55 313
56 148
56 208
57 65
57 271
58 22
58 311
59 181
59 72
59 112
59 31
59 42
60 299
60 242
60 24
60 96
61 276
61 78
61 142
62 103
62 144
62 95
63 300
63 259
63 117
63 66
63 239
64 207
64 133
65 41
65 57
65 288
66 130
66 157
66 117
66 63
67 263
67 83
67 84
67 271
68 94
68 164
68 208
69 145
69 184
69 273
70 171
70 97
70 35
71 209
71 188
72 59
72 214
72 286
72 282
72 42
73 163
73 192
73 314
74 304
74 297
74 183
75 55
75 141
75 118
75 99
76 205
76 173
76 82
76 155
77 138
77 35
77 157
77 259
78 178
78 61
79 149
79 87
79 283
80 199
80 237
81 282
81 18
81 255
82 238
82 76
83 182
83 67
83 187
83 111
83 123
84 182
84 67
84 191
84 311
85 52
85 12
85 299
85 274
86 209
86 178
86 109
86 117
86 268
87 79
87 272
87 133
87 207
88 115
88 178
88 98
89 313
90 252
90 137
91 130
91 97
91 105
92 232
92 203
92 224
93 177
93 212
94 16
94 68
94 123
95 144
95 235
95 62
95 260
95 178
96 281
96 269
96 60
97 91
97 70
97 119
98 88
98 248
99 102
99 255
99 75
100 183
100 36
100 212
101 202
102 99
102 255
102 139
102 301
102 118
103 134
103 250
103 62
104 135
104 129
104 315
105 17
105 130
105 91
106 176
106 311
107 284
107 124
107 34
108 14
109 217
109 139
109 86
110 146
110 200
110 289
111 30
111 83
111 123
112 297
112 59
113 211
113 51
113 256
114 285
114 261
114 34
115 88
115 256
116 185
116 126
116 37
116 240
116 239
117 168
117 66
117 240
117 126
117 63
117 86
118 75
118 102
118 139
119 38
119 97
119 129
120 287
120 2
120 34
120 213
120 261
121 237
121 131
122 158
122 167
122 243
123 164
123 111
123 197
123 83
123 94
123 208
124 280
124 107
124 286
125 273
125 172
125 304
126 32
126 116
126 117
127 267
127 179
127 160
127 300
128 242
128 269
129 315
129 104
129 119
129 264
129 168
130 91
130 66
130 171
130 105
131 245
131 223
131 121
132 32
132 227
132 51
133 87
133 272
133 64
134 103
134 163
134 250
134 23
135 199
135 104
135 262
136 180
137 90
137 279
138 77
138 228
139 102
139 118
139 109
140 155
140 295
140 292
140 205
141 75
141 173
142 292
142 235
142 155
142 276
142 61
142 205
143 291
143 297
143 214
144 95
144 185
144 62
144 260
145 69
145 7
146 110
146 296
146 264
147 313
147 173
148 56
148 290
148 241
149 176
149 79
150 199
150 290
151 266
151 306
151 292
151 155
152 5
152 303
153 177
153 194
153 251
154 190
154 192
154 23
155 238
155 140
155 142
155 151
155 76
156 280
156 219
157 77
157 66
158 122
159 24
159 274
159 300
160 165
160 127
160 213
161 194
162 197
162 233
162 25
163 73
163 134
163 192
164 221
164 123
164 68
165 160
165 300
165 52
166 10
166 246
167 0
167 174
167 122
168 117
168 213
168 268
168 129
169 276
169 301
170 295
170 18
170 8
171 70
171 130
171 302
172 14
172 273
172 125
172 180
173 76
173 141
173 147
174 244
174 167
175 277
175 260
176 149
176 106
176 271
177 153
177 194
177 93
178 88
178 78
178 86
178 95
179 254
179 127
179 53
180 7
180 136
180 172
181 59
181 297
181 42
182 83
182 84
182 263
183 297
183 74
183 100
183 291
184 69
184 21
184 187
185 116
185 144
185 248
186 21
186 293
186 283
187 21
187 184
187 83
188 227
188 71
188 51
189 241
189 224
189 305
190 154
190 247
190 265
190 25
191 27
191 84
191 53
191 220
192 163
192 73
192 154
192 265
193 278
193 258
193 50
194 153
194 177
194 298
194 161
195 228
195 234
195 9
195 244
196 201
197 162
197 123
197 254
198 28
198 258
198 281
199 80
199 150
199 135
200 110
200 245
200 33
201 196
201 221
201 270
202 101
202 224
203 92
203 46
204 28
205 76
205 276
205 140
205 142
206 22
207 270
207 64
207 87
208 2
208 56
208 68
208 305
208 123
209 227
209 71
209 86
210 257
210 296
211 11
211 113
212 231
212 93
212 100
212 214
213 6
213 230
213 120
213 160
213 168
214 72
214 143
214 212
215 301
215 309
215 292
216 298
217 280
217 109
218 249
218 310
219 251
219 156
220 261
220 191
220 27
220 53
221 44
221 201
221 164
222 288
222 44
223 33
223 131
224 202
224 189
224 92
225 269
225 247
226 13
227 209
227 188
227 132
228 195
228 138
228 29
229 266
229 19
229 27
230 287
230 213
230 315
231 212
231 36
232 15
232 92
232 258
233 162
233 278
234 10
234 195
234 244
235 95
235 142
235 306
236 298
237 289
237 121
237 80
238 155
238 82
239 308
239 279
239 63
239 116
240 260
240 267
240 117
240 116
241 189
241 275
241 246
241 148
242 128
242 24
242 60
242 252
243 33
243 3
243 122
244 174
244 195
244 234
245 45
245 200
245 131
246 52
246 241
246 305
246 166
247 249
247 190
247 225
248 185
248 98
248 279
249 218
249 247
249 265
250 103
250 134
250 306
250 54
251 219
251 153
251 286
252 90
252 279
252 310
252 242
253 22
253 314
254 12
254 179
254 197
255 102
255 99
255 81
256 113
256 115
257 210
257 48
258 198
258 281
258 193
258 232
259 63
259 77
259 294
259 274
260 240
260 175
260 20
260 95
260 144
261 277
261 220
261 114
261 120
262 296
262 135
263 67
263 182
264 296
264 146
264 129
265 314
265 192
265 190
265 249
266 151
266 54
266 229
267 127
267 240
267 37
268 284
268 315
268 86
268 168
269 225
269 96
269 128
270 207
270 44
270 201
271 311
271 176
271 283
271 57
271 67
272 87
272 133
272 283
272 7
273 125
273 172
273 69
274 299
274 85
274 159
274 259
275 3
275 241
276 40
276 169
276 61
276 205
276 142
277 261
277 175
278 193
278 233
279 137
279 252
279 248
279 37
279 239
280 217
280 124
280 156
281 258
281 198
281 96
281 46
282 81
282 72
282 309
283 186
283 79
283 271
283 272
284 107
284 268
285 114
285 42
286 124
286 72
286 251
287 120
287 230
287 2
288 65
288 222
288 25
289 237
289 110
290 148
290 150
291 143
291 183
292 151
292 142
292 215
292 140
292 27
293 14
293 186
293 311
294 10
294 259
295 170
295 140
296 264
296 210
296 146
296 262
297 183
297 112
297 74
297 143
297 181
298 236
298 216
298 194
299 60
299 46
299 85
299 274
300 63
300 165
300 127
300 159
301 169
301 102
301 215
302 308
302 171
303 36
303 5
303 152
304 74
304 125
305 39
305 246
305 189
305 208
306 151
306 250
306 235
307 31
307 8
308 302
308 239
309 42
309 215
309 282
310 252
310 218
311 271
311 58
311 293
311 106
311 84
312 49
312 17
313 89
313 55
313 40
313 147
314 265
314 73
314 253
315 129
315 268
315 104
315 230
