0 772
0 1211
0 2511
1 43
1 1764
2 1447
2 417
3 2078
3 2803
3 2888
3 2096
4 49
4 1161
4 526
5 2037
5 1801
5 1324
6 2291
6 20
6 213
6 1611
7 345
7 180
8 2320
8 1605
9 772
9 1926
9 912
10 319
10 166
11 614
11 1490
12 1640
12 2079
12 1856
13 38
13 2895
13 226
13 1590
14 108
14 2693
14 172
15 2348
15 232
16 1210
16 556
16 1746
16 2537
17 421
17 105
17 312
18 2214
18 2314
19 1762
19 1524
20 6
20 1944
20 531
21 186
21 187
21 2714
22 206
22 857
22 1633
22 752
22 1228
22 1143
23 1667
23 2771
23 952
24 3089
24 3019
24 3133
25 729
25 825
26 2936
26 738
27 551
27 504
28 1500
28 1280
28 733
29 1868
29 1871
29 3158
30 2087
30 111
30 41
31 307
31 2579
31 456
32 994
32 1009
32 2883
33 2631
33 1404
34 538
34 3010
35 2944
36 1348
36 318
37 1814
37 2220
37 2549
38 13
38 1181
39 3031
39 2381
40 276
40 1036
41 30
41 1666
42 2572
42 1716
43 1
43 1605
44 1652
44 2754
44 221
45 2994
45 2496
46 1185
46 1090
46 1352
47 2975
47 2537
48 1696
48 2209
49 949
49 994
49 4
50 1999
50 441
50 1183
50 1879
50 2492
50 556
51 779
51 633
51 1586
52 2896
52 1895
53 834
53 2001
53 2560
54 2538
54 2254
55 557
55 75
55 748
56 424
56 576
56 965
57 509
57 452
57 2584
58 946
58 3130
59 1016
59 1220
60 838
60 2802
60 2119
61 3067
61 1563
61 777
61 697
62 1544
62 3033
63 2330
63 1831
63 581
64 1423
64 1899
64 2726
65 2283
66 3041
66 3128
66 1660
67 263
67 1383
67 2417
68 2500
68 1064
69 2534
69 145
69 273
70 873
70 1169
71 1803
71 1439
72 2029
72 2086
72 920
73 3038
73 525
74 304
74 1754
74 807
74 1394
75 55
75 1987
75 2052
75 118
75 748
76 675
76 607
77 1170
77 1241
77 2868
78 1886
78 1817
78 653
78 528
79 602
79 1508
79 87
80 1997
80 1487
80 1811
81 1474
81 2214
82 707
82 1870
83 1469
83 2081
83 182
83 1897
84 886
84 2417
84 2846
85 737
85 1653
85 2306
86 734
86 2015
86 1934
86 1706
87 2848
87 79
87 484
88 1932
88 2930
88 461
89 537
89 1623
90 1244
90 2333
90 2985
91 130
91 479
91 2699
91 2116
92 636
92 2277
92 659
93 463
93 2552
94 2194
94 1210
94 565
95 1235
95 2372
95 144
96 3055
96 380
96 1723
97 2699
97 1498
97 1744
98 1087
98 1465
98 2267
98 3025
99 1713
99 2008
100 426
100 1863
100 2418
101 2539
101 2463
102 2205
102 1910
103 2862
103 1924
103 1954
104 1121
104 1054
105 446
105 17
105 2154
106 2607
106 2739
106 2792
107 336
107 284
108 14
108 2719
109 2178
109 217
109 2920
110 376
110 1894
110 2440
110 2869
111 2856
111 30
111 1294
112 2674
112 1880
113 1069
113 2434
113 211
114 285
114 2902
114 1325
114 482
115 1311
115 1063
116 411
116 2854
117 1674
117 168
118 1646
118 2346
118 655
118 2814
118 75
118 748
119 2109
119 934
120 985
120 382
121 1502
121 2383
122 158
122 2661
122 1378
123 1159
123 2243
124 2742
124 1315
125 612
125 2760
126 1299
126 889
126 2921
127 2448
127 1349
127 1848
128 1838
128 1887
128 2518
128 2445
128 416
128 2939
129 1405
129 413
130 3053
130 91
130 2690
131 885
131 3103
131 1695
132 2883
132 2017
132 2223
132 2645
132 889
133 552
133 1139
134 501
134 914
134 2425
135 1956
135 1113
136 883
136 180
136 2594
136 725
137 1538
137 2985
137 1189
138 2056
138 1438
138 1969
139 641
139 1818
139 1646
140 849
140 2747
140 155
140 1419
141 1987
141 954
141 385
142 1323
142 1026
142 1174
143 2499
143 1008
144 2324
144 1559
144 95
144 1095
144 901
145 69
145 1386
145 798
146 2440
146 695
147 1018
147 1655
147 1077
148 576
148 1147
148 1343
149 871
149 937
149 1508
149 638
150 331
150 2825
150 1522
151 1462
151 1074
151 1828
152 1019
152 2091
152 3112
152 884
153 2702
153 177
153 1224
154 2574
154 3059
155 2071
155 1575
155 1849
155 140
155 959
156 2741
156 968
156 2435
157 590
157 2946
158 1511
158 122
158 1959
159 1972
159 3133
160 165
160 1020
160 555
161 2480
161 352
161 2146
162 1634
162 1665
162 2799
163 2695
163 489
163 335
164 1458
164 987
165 160
165 2977
165 1558
165 1231
166 1436
166 10
166 2384
166 1647
167 2511
167 2874
168 3098
168 869
168 117
169 753
169 2466
169 327
169 1277
170 295
170 2427
170 2214
171 2308
171 1190
171 2710
172 14
172 612
172 273
172 1626
173 2180
173 3062
173 1636
174 1178
174 2910
174 2866
175 1234
175 1255
175 3104
176 871
176 1342
177 1103
177 153
177 194
177 1577
177 401
178 398
178 1741
179 3153
179 3070
179 668
180 7
180 136
180 1707
181 568
181 2151
181 747
181 2532
182 2081
182 2417
182 83
183 1430
183 2455
184 2640
184 996
185 2010
185 575
186 21
186 2727
186 796
186 1501
187 2369
187 21
187 2863
187 2714
188 2228
188 1929
188 2269
188 483
189 1442
189 1350
190 975
190 1345
190 2940
190 2542
191 874
191 2560
191 997
191 962
192 3064
192 2978
192 2889
193 2058
193 1339
193 740
193 1855
193 2531
193 2502
194 763
194 2702
194 177
195 1274
195 1988
195 1926
196 2775
196 201
196 3090
197 2410
197 909
197 1917
198 2809
198 2395
199 2206
199 2238
199 1293
200 2914
200 1894
200 896
201 2775
201 2341
201 419
201 196
202 2539
202 1549
203 1542
203 428
204 2687
204 1500
204 1541
205 2976
205 675
206 22
206 654
207 1768
207 270
208 558
208 1745
208 2750
208 1540
209 227
209 1222
210 3132
210 1000
211 1490
211 113
212 2656
212 2418
213 6
213 3032
214 2210
214 1939
214 691
215 1919
215 736
215 3118
216 2581
216 660
216 977
216 1759
217 613
217 1557
217 109
218 1799
218 1330
219 251
219 2167
220 2020
220 1509
220 1435
220 922
220 504
221 1010
221 44
222 2450
222 1149
222 723
222 2193
222 1842
223 1763
223 1404
223 2631
224 1549
225 1788
225 2472
225 1285
226 13
226 1632
227 209
227 2310
227 459
227 714
228 835
228 864
229 667
229 511
229 2135
229 898
230 1896
231 1225
231 318
232 499
232 1639
232 15
233 1971
233 2162
234 379
234 1689
235 1656
235 1962
235 596
236 1252
236 2843
236 1363
237 943
237 2711
237 1446
237 810
238 2071
238 1410
238 1060
239 1317
239 2376
239 2285
239 3102
239 1564
240 1362
240 1402
240 1935
240 267
240 462
241 1391
241 844
241 1808
242 967
242 1900
243 2589
243 817
243 2631
244 2866
244 845
244 864
245 1429
245 2994
245 935
246 2887
246 925
246 1895
247 1182
247 1978
248 790
248 957
249 3129
249 3088
250 3051
250 855
251 485
251 1289
251 219
251 702
252 2723
252 1550
253 2173
253 656
253 2042
254 598
254 3056
254 668
255 2008
255 1471
255 2648
255 2959
256 726
256 2026
256 1311
257 1748
257 542
257 1284
258 1927
258 1339
259 1287
259 627
260 1362
260 1645
261 277
261 1509
262 1472
262 1497
263 67
264 2231
264 832
264 2913
265 430
265 1112
265 1413
266 1041
266 2512
266 1668
267 1349
267 2525
267 531
267 240
268 1118
268 1876
269 3131
269 1207
269 1673
269 2841
270 207
270 2341
270 1682
271 3142
271 346
272 2628
272 1459
272 1130
273 612
273 172
273 69
273 2727
274 375
274 1219
275 2668
275 2493
275 739
276 40
276 2215
276 1683
277 506
277 261
277 2044
278 1142
278 580
278 1855
279 1451
279 2953
279 1589
280 1557
280 1286
281 1461
281 2326
282 392
282 2789
282 1629
282 2712
283 1920
283 648
284 1789
284 3047
284 107
284 781
285 114
285 322
286 1847
286 666
286 1607
287 3071
287 382
287 2104
288 2633
288 2450
289 2869
289 2711
290 1960
290 2615
290 2935
290 2469
291 2234
291 698
291 1578
292 842
292 2604
292 1026
293 1501
293 320
293 2693
294 319
294 1312
295 170
295 2055
296 2821
296 1000
296 3065
296 2900
297 807
297 317
298 1252
298 381
298 401
298 872
299 2592
299 1090
299 2468
300 1179
300 444
300 581
300 341
301 1393
301 2730
301 1117
301 2165
302 1165
302 2650
302 308
303 1348
303 1053
304 2760
304 1754
304 74
304 2882
305 2533
305 2950
305 454
306 3017
306 2043
306 2643
306 2858
307 31
307 420
308 2851
308 2600
308 302
309 322
309 2596
309 595
310 2785
310 2800
311 888
311 1913
311 1609
312 2187
312 930
312 17
313 1570
313 537
314 620
314 2379
315 2460
315 2933
315 2844
315 3016
316 1305
316 1260
317 297
317 1931
317 1880
318 2179
318 231
318 2418
318 36
319 294
319 1979
319 10
320 1088
320 1556
320 293
320 2175
321 963
321 1111
322 2572
322 309
322 285
323 1764
323 2225
324 1553
324 2454
324 2371
325 1105
325 2152
326 1368
326 2525
326 1992
326 2520
326 531
327 800
327 169
328 1399
328 681
328 665
329 2177
329 417
329 1518
330 1010
330 419
331 673
331 1387
331 150
332 1177
332 2967
332 3135
333 408
333 2022
333 2992
334 1663
334 3037
335 163
335 501
336 1136
336 107
336 507
337 646
337 1137
337 1677
338 2651
338 1126
338 2259
339 1153
339 1840
339 2917
340 1346
340 833
341 300
341 833
341 2923
341 2488
342 2730
342 799
343 1161
343 1212
343 682
344 676
344 1497
344 2274
344 715
345 7
345 798
345 1968
346 638
346 2404
346 271
346 827
346 2947
347 476
347 2765
347 2111
348 376
348 1017
348 2966
348 1218
349 3089
349 2688
349 967
350 2672
350 765
350 540
351 1303
351 1879
352 161
352 1990
353 1941
353 1065
353 1707
354 2481
354 1356
354 1902
355 2408
355 1800
356 1538
356 1197
356 2139
357 2882
357 1512
358 1261
358 1303
359 2735
359 2637
359 2482
359 2399
359 2110
360 1984
360 601
360 2776
361 2944
362 1619
362 780
363 785
363 1781
364 999
364 878
365 862
365 859
365 1455
366 1417
366 1117
367 379
367 721
368 1902
368 1909
369 2952
369 377
369 2049
370 1822
370 698
370 2394
371 2791
371 1219
371 1909
371 892
372 2701
372 587
372 940
373 2992
373 2594
373 725
374 2303
374 636
375 274
375 2509
376 433
376 110
376 348
377 2756
377 1670
377 1577
377 369
378 2194
378 1783
379 234
379 367
380 1267
380 3055
380 96
380 2432
381 298
381 2049
381 1759
382 287
382 1447
382 120
383 2870
383 1940
383 2112
384 2596
384 1154
384 2265
385 445
385 141
386 652
386 2474
387 1257
387 2684
387 2835
387 2430
388 2553
388 2478
388 702
389 2507
389 1651
390 1401
390 1923
390 1710
391 2508
391 1369
391 2101
392 282
392 1155
392 783
392 1272
393 2736
393 2050
393 3086
393 493
394 2032
394 2815
394 429
395 2461
395 1684
395 1929
396 2963
396 2893
397 1466
397 1524
397 1331
398 178
398 1741
398 2779
398 2117
399 2338
399 2288
400 1233
400 848
400 3042
401 298
401 177
401 763
402 1712
402 2231
403 2333
403 2171
404 1775
404 1472
404 2833
405 2929
405 2828
406 1943
406 2148
406 1243
407 1603
407 2957
407 1393
407 3118
408 333
408 1626
409 1572
409 2096
409 2588
409 896
410 3130
410 2956
410 3074
411 116
411 2242
412 426
412 2150
413 2294
413 129
413 3157
413 2351
413 2233
414 1903
414 2826
414 628
414 2700
415 1436
415 1467
415 1326
415 1705
416 1703
416 128
416 1887
416 1554
416 2804
417 329
417 2
418 750
418 2174
419 330
419 201
419 600
419 2881
420 490
420 1260
420 307
421 17
421 2336
422 808
422 2507
422 1630
423 1027
423 1970
423 688
424 576
424 56
424 2655
425 1389
425 1302
425 978
425 2340
426 412
426 100
427 900
428 646
428 203
428 1090
429 1104
429 394
429 2642
429 2350
430 265
430 620
431 942
431 2898
432 2895
432 1590
433 376
433 679
434 2657
434 2990
434 2752
434 519
435 2126
435 1430
435 807
436 2286
436 1384
436 2715
437 2778
437 2271
437 1908
438 756
438 2674
438 770
438 2692
439 1766
439 2996
439 1505
440 1340
440 1211
441 2300
441 1183
441 50
442 1601
442 2136
443 3050
443 574
443 2995
444 300
444 1686
445 385
445 2311
445 1865
446 897
446 105
446 550
447 1148
447 728
448 1461
448 846
448 2084
448 2354
449 1148
449 2931
450 2532
450 2996
450 3042
451 2212
452 2899
452 2624
452 814
452 57
453 554
453 3126
453 2949
454 1519
454 305
454 2700
454 1767
455 1974
455 2034
455 468
456 1973
456 2579
456 31
457 642
457 540
457 2980
458 1566
458 1140
459 227
459 2284
460 1347
460 702
460 2108
461 88
461 3025
462 762
462 657
462 240
463 93
463 1468
463 1314
464 1185
464 2368
464 891
465 3058
465 2301
465 1815
466 1247
466 631
466 1137
467 694
467 2894
467 1077
468 2624
468 1006
468 1200
468 455
469 1612
469 2127
469 2763
470 726
470 1618
470 2138
471 2056
471 864
471 1205
471 1969
472 2792
472 601
472 2960
473 2616
473 880
473 1119
473 2446
473 2175
474 1634
474 1030
474 909
474 2344
475 3113
475 1001
475 578
476 347
476 573
477 936
477 947
477 2783
477 1982
477 2510
477 1886
478 1059
478 1332
478 1986
479 91
479 550
480 2077
480 2625
480 1573
481 2666
481 1304
481 1076
482 2157
482 2794
482 114
482 1728
483 2388
483 3024
483 188
483 2461
484 1187
484 837
484 87
485 684
485 251
485 1298
486 2257
486 1447
486 683
487 2689
487 703
488 1291
488 3077
489 163
489 774
490 420
490 986
491 1679
491 694
491 3150
492 517
492 2011
493 1433
493 393
493 2749
494 856
494 2709
494 1781
495 733
495 1541
495 1269
496 1618
496 1684
496 2461
497 579
497 1699
498 2524
498 1048
498 607
499 863
499 232
500 2689
500 703
500 2224
500 575
500 2516
501 134
501 1810
501 335
502 2718
502 1875
502 1061
502 1569
503 1828
503 2071
503 2299
504 2265
504 220
504 2817
504 27
505 784
505 2337
505 1850
506 277
506 644
506 2133
507 1733
507 1110
507 780
507 336
508 2073
508 2875
508 2629
508 2529
509 57
509 1046
509 2283
509 1014
510 1199
510 1268
510 2698
510 1032
511 898
511 229
511 2123
511 2898
512 619
512 1196
513 1912
513 656
514 2412
514 801
514 2593
515 671
515 2961
515 2576
515 2309
516 1186
517 2962
517 492
518 1257
518 1899
519 2829
519 539
519 434
519 1518
520 639
520 1640
521 2014
521 2728
522 1822
522 870
523 741
523 1963
523 1711
523 2585
524 1721
524 1971
525 1191
525 73
525 2978
525 1005
525 620
526 2543
526 2336
526 2054
526 3058
526 1483
526 4
527 3122
527 2708
527 2890
527 969
527 1226
528 2350
528 1516
528 78
528 3111
529 724
529 1421
529 2777
529 781
530 3101
530 2166
531 2520
531 326
531 1099
531 267
531 20
532 1118
532 1526
532 960
532 1421
533 3047
533 2195
534 2401
534 1718
534 1066
534 1259
535 973
535 2090
536 2634
536 1053
537 89
537 313
537 2141
538 34
538 2982
539 2393
539 2282
539 519
540 457
540 563
540 735
540 350
541 975
541 2649
541 2451
542 257
542 1591
542 1284
543 2652
543 2188
543 2379
544 2287
544 1741
544 1516
545 2061
545 2339
546 1815
546 1824
546 1262
546 2094
547 2230
547 874
547 941
548 775
548 1922
548 2378
548 1056
549 997
549 722
549 1420
549 2622
550 446
550 2925
550 479
551 3030
551 27
551 1622
551 2164
552 133
553 2813
553 2521
553 2847
553 2503
553 1760
554 1897
554 453
554 2647
555 2429
555 2977
555 160
556 16
556 50
557 55
557 1777
558 208
558 2657
559 1523
559 2879
560 1392
560 2217
560 2846
561 2634
561 1276
562 1735
562 640
562 1588
562 2268
563 2671
563 540
564 2322
564 2622
565 1002
565 94
565 2307
566 1553
566 1847
567 1418
567 946
567 2505
567 2941
567 1434
567 689
567 1143
568 181
568 1715
569 1468
569 1670
569 680
570 754
570 2997
571 2178
571 3091
572 954
572 2161
572 588
572 1953
573 2144
573 1970
573 476
574 443
574 1690
574 2232
575 185
575 2854
575 500
576 424
576 56
576 148
577 1450
577 2886
577 621
578 927
578 1268
578 475
578 2544
579 497
579 3120
579 848
579 1123
580 876
580 278
581 300
581 1831
581 63
582 2304
582 1542
583 1851
583 1825
583 1158
584 2884
584 2790
584 1021
584 2003
585 2865
585 2660
586 597
586 1361
586 2851
587 372
587 1669
588 1812
588 572
588 954
588 1193
589 826
589 1910
589 1525
589 1117
589 1646
590 157
590 882
590 1969
591 1075
591 2267
592 1871
592 2904
592 2349
592 1171
593 2416
593 1459
593 2669
593 2848
594 1083
594 2912
595 3117
595 2609
595 3152
595 309
596 235
596 3100
596 2523
597 1641
597 586
597 1719
598 254
598 2374
598 3014
599 964
599 2816
599 2264
599 2419
600 1785
600 1821
600 2255
600 419
601 360
601 2067
601 472
602 3119
602 2570
602 79
603 2236
603 1407
603 1611
604 2967
604 3100
604 2100
605 1157
605 2788
605 2077
606 2176
606 2359
606 1815
607 1048
607 76
607 2390
607 498
607 1575
608 1681
608 666
608 1620
609 1441
609 2811
609 2752
610 2470
610 1200
610 1102
611 3092
611 1550
612 125
612 273
612 2882
612 172
613 217
613 1662
614 11
615 2679
615 2879
615 2824
616 2373
616 854
616 1197
617 2748
617 2685
617 2758
617 3096
618 2878
618 3045
618 2738
619 512
619 647
619 2189
619 2390
619 2748
620 430
620 314
620 525
621 2107
621 2400
621 577
622 2282
622 965
622 3124
623 1195
623 1184
623 2382
624 2458
624 2961
624 2054
624 2645
625 2529
625 1901
625 2278
626 1399
626 979
626 2441
626 2089
627 1790
627 1615
627 259
628 2629
628 1270
628 414
628 1772
628 2016
629 2909
629 2850
629 1189
629 2232
629 2376
630 1013
630 2836
630 2639
630 2340
631 2855
631 466
632 2957
632 1603
632 904
633 51
633 2703
633 2026
633 3024
633 2797
634 1414
634 1755
634 1785
635 2849
635 1397
635 2803
636 92
636 374
636 659
637 2168
637 649
637 1172
638 346
638 2570
638 149
639 2619
639 821
639 520
640 1131
640 562
641 139
641 2072
642 457
642 765
643 742
643 1055
644 2245
644 2852
644 506
644 2133
645 2286
645 3159
646 1093
646 428
646 337
647 1309
647 619
648 283
648 1160
649 637
649 866
650 794
650 1475
650 2293
651 1676
651 2745
651 1622
652 1563
652 386
652 1625
653 78
653 1833
654 2217
654 1434
654 206
655 1246
655 2165
655 118
656 513
656 253
656 2380
657 1164
657 462
658 2587
658 1206
658 2351
659 1230
659 1738
659 636
659 92
660 1841
660 1566
660 216
661 764
661 3143
661 2561
662 2687
662 2290
662 1454
663 1322
663 2213
663 1549
664 2995
664 1189
665 984
665 881
665 328
666 608
666 286
666 2160
666 1310
667 229
667 898
667 699
668 254
668 2804
668 771
668 1040
668 179
669 672
669 2606
670 1545
670 956
670 905
670 2149
671 2137
671 515
672 669
672 1906
672 1430
672 2126
673 331
673 2819
674 1845
674 2531
674 2962
675 76
675 205
675 1333
676 344
676 2005
676 2343
677 1325
677 1736
678 1452
679 1883
679 433
680 2566
680 2134
680 2692
680 569
681 328
681 1301
682 1318
682 343
682 1212
682 1523
682 2921
683 486
683 1447
683 979
683 2115
683 2801
683 1728
684 485
684 1480
684 2478
684 2131
685 789
685 1547
686 2795
686 2545
686 885
687 1845
687 1456
687 1908
687 1720
688 1628
688 2299
688 1411
688 423
689 1434
689 567
689 1913
690 3052
690 1094
690 2653
690 2771
691 1949
691 214
691 2972
692 1276
692 1644
693 757
693 1400
694 467
694 491
695 146
695 2908
695 1218
696 2284
696 2797
696 2832
697 61
697 1281
698 370
698 291
699 1032
699 667
700 1350
700 1316
701 1874
701 2659
701 1366
701 776
702 460
702 388
702 251
702 988
703 487
703 500
703 2323
703 2122
703 1373
704 1403
704 3001
705 3078
705 1292
705 1111
705 3125
706 715
706 2274
706 832
706 2163
707 2240
707 82
707 2828
708 1612
708 1492
708 2486
708 2080
709 2332
709 3121
709 2618
710 1964
710 987
710 791
710 1568
711 998
711 1007
712 2032
712 788
713 2856
713 1698
713 1737
714 2578
714 227
715 2913
715 2274
715 706
715 2821
715 344
716 1450
716 2434
716 2870
717 2021
717 1768
718 907
718 804
719 1693
719 1194
720 2154
720 1212
720 2054
721 1274
721 367
722 1401
722 549
723 1975
723 861
723 222
723 829
723 1842
724 529
724 1114
724 2233
724 1379
725 2088
725 136
725 373
726 256
726 470
727 2549
727 1780
728 801
728 447
728 1015
729 1166
729 2793
729 25
730 3121
730 2700
730 2364
730 1805
731 1050
731 2444
732 2420
732 2241
733 495
733 28
733 2326
733 846
734 2310
734 86
734 3111
734 1739
734 2926
734 2117
734 3146
735 540
735 1573
735 1836
736 879
736 1722
736 215
737 85
737 3044
737 823
738 2924
738 2753
738 26
738 3028
739 1100
739 2618
739 275
740 1339
740 193
740 2300
740 1040
741 523
741 2635
741 2070
742 643
742 1272
742 1629
743 2725
743 3039
743 2716
743 2490
744 1661
744 1187
744 837
745 1977
745 3156
745 1207
746 2227
747 181
747 2098
748 1203
748 1774
748 1950
748 961
748 55
748 118
748 75
749 2738
749 2154
750 418
750 2663
750 2907
750 2917
751 1473
751 1256
752 1466
752 1228
752 22
753 1794
753 1422
753 169
754 953
754 2762
754 570
755 1547
755 2381
755 2591
755 2305
756 2674
756 438
756 1567
757 693
757 2561
758 2325
758 978
758 2836
758 1642
759 3021
759 2555
759 2160
760 3144
760 896
760 2319
760 2184
760 2830
761 2029
761 1108
761 2131
762 462
762 1674
762 1826
762 2926
762 1882
763 194
763 2465
763 401
764 661
764 2893
764 2365
764 882
765 350
765 642
765 3076
766 2619
767 2480
767 3018
767 2550
768 2262
768 1390
768 797
768 2647
769 1196
770 2626
770 438
770 1567
770 1369
771 1097
771 1040
771 668
771 991
771 2770
772 2496
772 9
772 0
773 2301
773 2200
773 2352
774 3038
774 489
775 548
775 1546
775 1948
776 2350
776 701
776 2007
777 1563
777 61
777 2845
777 1982
778 2758
778 1683
779 51
779 2703
780 362
780 2884
780 507
780 2612
781 284
781 529
782 1136
782 1627
783 1155
783 392
783 2712
784 505
784 2276
784 2181
785 1616
785 363
785 1545
786 1579
786 2721
786 3086
786 1642
787 1622
787 2151
788 712
788 2038
789 1513
789 685
790 248
790 1385
791 1568
791 710
791 1129
792 865
792 1155
792 2979
793 1419
793 1060
793 2828
794 650
795 2746
795 1198
796 2670
796 2453
796 2558
796 186
797 1130
797 1459
797 1968
797 768
798 345
798 145
799 849
799 342
799 1174
800 2988
800 327
800 1353
800 1950
801 728
801 2304
801 514
802 1355
802 1650
802 1899
803 1868
803 1590
804 983
804 718
804 2119
805 1948
805 1658
806 2290
806 2358
806 2261
807 297
807 435
807 74
808 422
808 2654
809 2932
809 2658
809 1686
809 2491
810 2163
810 237
810 2571
811 2011
811 1839
812 1601
812 2849
813 2033
813 2243
814 1846
814 3035
814 452
815 1593
815 1818
815 1173
816 2422
816 1722
817 243
817 2631
818 3040
818 1061
818 2318
819 1164
819 2149
820 890
820 1378
820 2733
821 639
821 1409
821 1332
822 1669
822 1854
823 1356
823 737
824 2391
824 2197
825 3110
825 25
825 2444
826 589
826 2814
826 1646
827 3142
827 346
827 2584
828 1393
828 1603
828 879
828 2563
829 2344
829 723
829 1961
829 2729
830 1220
830 2532
831 3051
831 1965
831 1199
832 1215
832 264
832 706
833 1558
833 340
833 341
834 53
834 1710
834 1933
834 2143
835 228
835 1988
835 1561
835 2705
836 944
836 1554
836 2804
836 1887
837 2061
837 744
837 484
837 1793
838 60
838 1412
838 911
839 2553
839 2397
840 982
840 2911
841 2741
841 948
841 2565
842 292
842 1074
843 3153
843 1933
844 241
844 1701
845 1340
845 244
845 1823
846 448
846 733
846 1269
847 2946
847 1779
847 2614
848 579
848 400
849 2422
849 799
849 140
850 2423
850 1893
850 1765
850 2675
851 2695
851 3064
852 1324
852 945
853 1896
853 1024
853 1859
854 3086
854 1460
854 616
855 1537
855 3051
855 250
855 2583
856 494
856 1579
857 2526
857 1022
857 22
858 1762
858 2258
859 2906
859 1519
859 365
860 3069
861 1666
861 723
861 2871
862 365
862 1473
862 1955
863 499
863 1245
863 1796
864 228
864 1205
864 471
864 244
865 2060
865 792
865 3043
865 2169
866 917
866 649
867 1457
867 1037
868 2198
869 168
869 2517
869 2059
870 2210
870 2567
870 522
871 176
871 3012
871 149
872 1843
872 298
873 70
873 2617
873 1208
873 2053
874 1038
874 547
874 191
875 1911
875 1429
876 580
876 1729
876 2058
877 1275
877 2314
878 3011
878 364
879 736
879 1117
879 828
880 2807
880 1253
880 473
880 2164
880 2225
881 2477
881 665
881 1328
882 590
882 1135
882 764
883 136
883 1707
883 2594
883 1892
884 1300
884 1930
884 152
884 1163
885 131
885 2733
885 686
886 84
886 2417
886 2984
887 1529
888 2776
888 311
888 1913
889 2832
889 2883
889 132
889 126
890 820
890 2385
890 1334
890 2874
890 1378
891 1306
891 906
891 464
892 1266
892 371
893 974
893 2227
893 965
894 2041
894 3037
895 2612
895 1039
896 760
896 200
896 409
896 1404
897 446
898 1476
898 511
898 667
898 229
899 1857
899 1697
899 1449
900 2908
900 427
901 1565
901 1816
901 144
902 2260
902 2231
903 1036
903 1915
903 2659
904 632
904 2562
905 670
905 2773
906 2203
906 1306
906 1639
906 891
907 718
907 2481
907 3133
908 2708
908 1903
908 1658
909 197
909 2410
909 1938
909 474
910 2065
910 1457
910 1790
910 2247
911 1486
911 838
911 992
912 1427
912 1017
912 2377
912 9
913 2764
913 2621
914 2675
914 134
914 2099
914 2425
914 2583
915 1927
915 2395
915 2368
915 3037
916 2161
916 954
916 1987
917 2153
917 866
917 2721
918 1653
918 2707
918 2306
919 2133
919 2245
919 2582
920 2626
920 2586
920 1598
920 2972
920 72
921 1488
921 960
922 1302
922 220
923 1004
923 1047
924 1179
925 246
925 2875
925 1726
926 1164
926 2330
927 578
927 3009
927 1965
928 1904
928 1420
929 2055
929 2747
930 2223
930 312
931 3117
931 2564
931 3151
932 1538
932 1688
932 2953
933 2602
933 1627
934 119
934 2012
934 1744
935 245
936 947
936 477
936 2389
937 149
937 1288
938 1928
938 2710
938 2280
939 2601
939 1578
939 2441
939 2811
940 372
940 3011
941 1503
941 547
941 2836
942 431
942 2225
942 2164
943 237
943 1576
944 836
944 1003
945 1282
945 852
945 2634
945 1869
946 58
946 1418
946 567
946 3002
947 936
947 2806
947 477
948 1515
948 841
948 2565
949 2187
949 49
950 1335
950 1856
950 3056
951 3154
951 1374
951 971
952 1687
952 1344
952 23
953 754
953 1345
953 2239
954 572
954 141
954 916
954 588
955 2317
955 2818
955 1106
955 2479
956 670
956 1889
957 2270
957 248
958 1476
958 1628
959 1026
959 1828
959 155
960 921
960 532
960 1751
960 2366
961 1353
961 3096
961 748
962 191
962 2560
962 2622
963 1972
963 321
964 1079
964 599
965 56
965 622
965 2678
965 893
966 2702
966 2842
967 242
967 2518
967 349
968 156
968 1286
969 1270
969 3029
969 527
969 2468
970 1955
970 2887
970 1745
970 1937
971 2523
971 1828
971 1026
971 951
972 1216
972 2789
972 2717
973 535
973 2398
973 2535
973 2009
974 1343
974 1034
974 893
975 190
975 541
975 2047
976 2080
976 2028
976 3070
977 1566
977 1363
977 216
978 758
978 425
979 626
979 683
979 1728
979 2987
980 3051
980 2639
980 2423
981 2041
981 2130
982 840
982 1113
982 2859
983 1266
983 804
983 1709
984 665
984 3021
985 120
985 2257
985 1447
986 490
986 1055
987 710
987 2654
987 164
988 2108
988 2842
988 1479
988 702
988 2632
989 2983
989 1773
989 1448
990 1718
991 1855
991 2725
991 771
992 911
992 1090
992 2097
993 1423
994 32
994 49
995 1830
995 1870
995 2408
996 2534
996 184
996 1386
997 549
997 191
997 2322
998 711
999 1788
999 364
999 2051
1000 296
1000 210
1000 2260
1000 3065
1001 475
1001 1708
1001 2452
1001 2544
1002 565
1002 1787
1002 1183
1002 1491
1003 1354
1003 944
1004 923
1004 2028
1004 2520
1005 1954
1005 2889
1005 2721
1005 525
1006 2624
1006 468
1006 1085
1006 2034
1007 1957
1007 711
1007 2466
1007 1794
1008 143
1008 1822
1009 32
1010 330
1010 221
1011 2181
1011 2396
1011 2089
1011 2146
1012 1569
1012 2124
1012 2835
1013 3023
1013 1994
1013 630
1014 2633
1014 2193
1014 509
1014 1046
1015 2593
1015 728
1015 2826
1015 1542
1016 59
1016 3109
1016 2626
1016 1108
1017 912
1017 2377
1017 2715
1017 348
1018 147
1018 1033
1018 2662
1019 1869
1019 152
1020 1680
1020 160
1020 1890
1021 1619
1021 3120
1021 584
1022 1152
1022 857
1022 2356
1023 1395
1023 1426
1023 1888
1024 853
1024 1202
1024 1937
1025 2695
1025 3052
1025 2798
1026 959
1026 142
1026 292
1026 971
1027 423
1027 2538
1028 1832
1029 2674
1029 2229
1030 1166
1030 474
1030 3035
1031 2790
1031 2457
1032 699
1032 1585
1032 2462
1032 2135
1032 510
1033 1655
1033 1018
1034 974
1034 2469
1035 2519
1035 1214
1035 3124
1035 1227
1035 2393
1036 903
1036 40
1037 1425
1037 2278
1037 867
1037 2219
1038 2230
1038 874
1038 1401
1039 2178
1039 1627
1039 895
1040 2079
1040 771
1040 2063
1040 668
1040 740
1041 266
1041 2512
1041 2185
1041 2494
1042 2927
1042 3107
1043 2237
1043 1576
1044 2734
1044 2696
1045 1234
1045 2582
1046 509
1046 1014
1047 923
1047 2767
1047 1986
1048 1702
1048 2986
1048 498
1048 607
1049 1914
1049 2074
1049 2181
1050 731
1050 2145
1050 2415
1051 3081
1051 1207
1051 2720
1052 1966
1052 2620
1053 536
1053 303
1054 104
1054 1398
1054 1775
1055 643
1055 2101
1055 986
1056 1543
1056 548
1057 1540
1057 2757
1057 1125
1057 1783
1058 2094
1058 2878
1058 1807
1059 2732
1059 478
1059 1332
1060 238
1060 2828
1060 793
1060 1830
1061 818
1061 2471
1061 502
1061 2811
1062 2673
1062 2771
1063 1932
1063 115
1064 68
1064 2808
1064 1125
1064 1236
1064 2551
1064 2718
1065 2057
1065 353
1065 1941
1066 534
1066 3108
1066 1796
1067 2754
1067 2339
1067 1414
1068 1552
1068 3022
1068 1640
1069 113
1069 2434
1069 2026
1070 1583
1070 2244
1070 2416
1071 2246
1072 2854
1072 1826
1072 2689
1073 2968
1073 2484
1074 151
1074 842
1074 3017
1075 2806
1075 591
1076 2321
1076 1243
1076 481
1077 147
1077 2662
1077 467
1078 2043
1078 2559
1079 964
1079 2406
1079 2816
1080 1283
1080 1637
1080 1263
1081 1408
1081 1287
1081 1831
1082 2246
1082 2759
1082 3101
1083 2761
1083 594
1084 1144
1085 1006
1085 1813
1085 1383
1085 2087
1086 1233
1086 1307
1087 98
1088 320
1088 3137
1089 2821
1089 2873
1089 2260
1090 46
1090 992
1090 299
1090 428
1091 1097
1092 2126
1092 2229
1093 646
1093 1758
1093 1791
1094 3052
1094 690
1095 1180
1095 144
1095 2340
1095 2168
1096 1384
1096 1916
1097 1091
1097 771
1097 1731
1098 2232
1098 1451
1098 2483
1099 2740
1099 3155
1099 531
1100 739
1100 1805
1100 1808
1101 2256
1101 1918
1101 1723
1101 1269
1102 2275
1102 2273
1102 610
1103 2756
1103 177
1103 1577
1104 429
1104 1277
1105 3008
1105 1596
1105 325
1106 2327
1106 955
1107 1229
1107 1560
1107 2456
1107 2571
1107 2259
1108 761
1108 2626
1108 1272
1108 1016
1109 3143
1109 1985
1110 2504
1110 1733
1110 507
1110 3095
1111 705
1111 3125
1111 321
1112 265
1112 2762
1113 2761
1113 135
1113 982
1113 2665
1114 1862
1114 724
1114 1359
1115 2415
1115 1687
1116 1703
1116 2119
1116 2518
1117 2196
1117 366
1117 301
1117 879
1117 589
1118 532
1118 268
1118 2355
1119 473
1119 1802
1120 2453
1120 1609
1120 2528
1121 104
1121 1495
1121 1659
1121 2460
1122 1508
1123 1217
1123 579
1123 1716
1124 1227
1124 1540
1124 1125
1125 1124
1125 1057
1125 1064
1125 3076
1126 338
1126 1296
1127 2277
1127 2704
1127 2931
1127 1677
1128 1750
1128 2660
1129 2684
1129 1793
1129 791
1129 1671
1129 1569
1129 3040
1130 797
1130 1968
1130 272
1131 2778
1131 640
1132 3144
1132 1576
1132 1487
1132 2184
1133 2173
1133 2360
1133 2652
1134 2680
1134 1509
1134 1370
1135 882
1135 3001
1135 2893
1135 2476
1135 1251
1136 782
1136 336
1137 2443
1137 466
1137 1791
1137 337
1138 2353
1138 3140
1139 1355
1139 133
1140 458
1140 2581
1141 2834
1141 2328
1142 278
1142 1971
1142 1481
1143 1633
1143 22
1143 2505
1143 567
1144 1084
1144 2762
1145 2091
1145 1606
1145 1930
1146 1756
1146 2138
1146 1878
1146 1490
1147 2935
1147 148
1148 447
1148 449
1148 2213
1149 2339
1149 222
1149 2871
1150 2548
1150 2147
1150 2783
1151 2901
1151 2427
1151 2320
1152 1022
1152 1734
1153 1944
1153 1402
1153 339
1154 2564
1154 384
1154 2991
1154 2979
1155 783
1155 792
1155 392
1155 2979
1155 2577
1156 2110
1156 1827
1156 3088
1157 605
1157 2305
1158 583
1158 3075
1158 1159
1159 123
1159 1158
1160 2076
1160 648
1161 343
1161 4
1162 1767
1162 2764
1162 2820
1163 1578
1163 2318
1163 884
1163 1906
1163 1482
1164 819
1164 926
1164 657
1165 1364
1165 2094
1165 302
1166 729
1166 1030
1166 3110
1167 3080
1167 1357
1167 3018
1168 1574
1168 2027
1168 1912
1169 70
1169 1190
1170 77
1170 1730
1171 1696
1171 1278
1171 2522
1171 592
1172 1656
1172 2039
1172 637
1173 2072
1173 2013
1173 815
1174 1873
1174 1722
1174 799
1174 3079
1174 142
1175 2516
1175 2137
1175 1465
1176 1248
1176 2162
1177 1664
1177 332
1177 2403
1178 174
1178 1340
1179 924
1179 300
1180 1095
1180 1544
1180 1579
1180 2694
1181 1327
1181 38
1181 2109
1182 247
1182 2649
1182 3046
1183 441
1183 50
1183 1002
1183 1961
1183 2729
1184 2406
1184 623
1184 1743
1185 46
1185 1724
1185 464
1186 1734
1186 516
1187 744
1187 484
1187 2848
1188 2485
1188 2642
1188 2007
1188 1516
1189 664
1189 2232
1189 137
1189 629
1190 171
1190 1169
1191 525
1192 2768
1192 2442
1193 2161
1193 588
1193 1732
1194 1354
1194 2635
1194 719
1195 623
1195 2431
1195 1202
1196 769
1196 512
1197 356
1197 616
1198 795
1198 1647
1198 3114
1198 3123
1198 3066
1199 1765
1199 510
1199 1592
1199 831
1200 468
1200 2584
1200 2470
1200 610
1201 2566
1201 2656
1202 2281
1202 1024
1202 1195
1202 2431
1203 2411
1203 1570
1203 748
1203 3096
1204 2380
1204 2006
1205 864
1205 471
1205 1561
1206 1326
1206 2259
1206 1229
1206 658
1207 269
1207 1051
1207 745
1208 3139
1208 873
1208 2140
1209 2413
1209 2137
1210 16
1210 94
1210 2204
1210 1836
1211 440
1211 1926
1211 0
1212 1539
1212 343
1212 720
1212 3145
1212 682
1212 2054
1213 2082
1213 2578
1213 2424
1214 3076
1214 1035
1215 832
1215 1265
1215 1297
1216 2320
1216 972
1217 1123
1217 2609
1218 2456
1218 695
1218 348
1219 274
1219 371
1220 830
1220 59
1220 1567
1221 2035
1221 1381
1221 2482
1222 2892
1222 2310
1222 209
1222 1929
1223 2677
1223 1227
1224 2842
1224 1289
1224 153
1225 231
1225 1534
1226 2638
1226 3054
1226 527
1226 2708
1226 1548
1227 1124
1227 1223
1227 2677
1227 2393
1227 1035
1228 752
1228 1377
1228 1331
1228 2526
1228 22
1228 2069
1229 1753
1229 1107
1229 1206
1230 659
1230 1796
1231 1239
1231 165
1231 2977
1231 1798
1232 2396
1232 2146
1232 1562
1232 2565
1233 1086
1233 400
1234 175
1234 1045
1235 1559
1235 95
1235 2743
1236 2551
1236 1875
1236 1064
1237 1701
1237 1594
1237 2519
1238 1293
1238 1308
1238 2206
1238 2847
1239 1231
1239 2120
1240 1371
1240 2208
1241 77
1241 2868
1241 2297
1241 2946
1242 2513
1242 1967
1243 1076
1243 406
1243 1900
1244 90
1244 2002
1244 2723
1244 2483
1245 863
1245 1259
1246 2346
1246 655
1246 2038
1247 466
1247 2772
1247 2268
1248 1176
1248 2881
1249 1710
1249 2767
1249 1448
1250 2073
1251 1985
1251 1135
1251 3114
1251 1408
1252 298
1252 2049
1252 236
1253 2807
1253 880
1253 2664
1254 2268
1255 2599
1255 175
1255 2044
1256 2950
1256 751
1256 2392
1257 518
1257 387
1257 2784
1257 3107
1258 1320
1259 1245
1259 2621
1259 534
1259 2305
1260 420
1260 316
1261 358
1261 2533
1261 1584
1261 2392
1262 2000
1262 2738
1262 546
1263 2302
1263 1080
1263 2129
1264 2602
1264 1876
1264 2627
1265 2218
1265 2908
1265 1215
1266 892
1266 983
1266 2191
1267 380
1267 1269
1267 2354
1268 578
1268 2462
1268 510
1268 2698
1269 495
1269 846
1269 1267
1269 1101
1270 969
1270 628
1271 1368
1271 2236
1272 2131
1272 742
1272 1108
1272 392
1272 3109
1273 2152
1273 1391
1273 1701
1274 195
1274 721
1275 1907
1275 877
1275 1555
1276 1291
1276 692
1276 561
1277 2730
1277 1104
1277 1422
1277 169
1278 1696
1278 1171
1278 1714
1279 1707
1279 1512
1280 2608
1280 28
1280 2809
1280 2861
1281 2474
1281 697
1281 1874
1282 1801
1282 945
1283 1851
1283 1080
1284 2873
1284 257
1284 542
1284 2904
1285 2735
1285 2939
1285 2472
1285 225
1286 280
1286 1382
1286 2742
1286 1515
1286 968
1287 2641
1287 259
1287 1081
1288 2607
1288 937
1289 1224
1289 251
1289 2552
1290 2890
1290 3029
1290 1724
1291 488
1291 1276
1292 1367
1292 705
1293 2276
1293 1238
1293 1308
1293 199
1294 111
1294 2569
1295 3048
1295 1572
1295 2830
1296 2365
1296 2963
1296 1327
1296 1126
1296 2705
1297 2651
1297 1215
1297 1712
1298 2328
1298 485
1298 2134
1299 1882
1299 126
1299 1717
1300 1834
1300 2455
1300 1930
1300 884
1301 681
1302 922
1302 425
1302 2836
1303 351
1303 2497
1303 358
1304 1564
1304 481
1304 3102
1305 2361
1305 316
1306 906
1306 891
1306 1720
1307 1939
1307 1086
1308 1238
1308 1293
1308 2503
1308 2521
1309 647
1309 1575
1310 2250
1310 666
1310 1607
1310 2632
1311 115
1311 2132
1311 256
1311 2251
1312 1689
1312 294
1312 1823
1313 1346
1313 1527
1313 2923
1314 1577
1314 463
1314 1406
1315 124
1315 1998
1315 2435
1316 2095
1316 700
1317 239
1317 3061
1317 3050
1318 682
1318 3145
1318 1829
1318 2697
1319 2942
1319 1395
1319 2285
1319 2824
1319 2166
1320 2822
1320 2490
1320 1258
1320 2725
1321 1496
1321 2432
1321 2172
1322 663
1323 142
1323 2506
1323 2189
1324 852
1324 5
1325 677
1325 3027
1325 2794
1325 114
1326 1206
1326 1467
1326 415
1327 2541
1327 1181
1327 1296
1328 1536
1328 881
1328 2504
1328 2454
1329 2205
1329 2008
1330 3129
1330 218
1330 2749
1331 3083
1331 397
1331 1524
1331 1228
1331 2258
1332 1059
1332 478
1332 821
1332 2085
1332 1548
1333 2180
1333 3049
1333 2402
1333 2161
1333 675
1334 890
1334 2874
1335 950
1335 1856
1335 1409
1335 1853
1336 2446
1336 2719
1336 1449
1337 1940
1337 1450
1337 2137
1337 2458
1338 2436
1338 2610
1338 1914
1338 2786
1339 258
1339 193
1339 740
1339 1976
1340 440
1340 1178
1340 845
1341 2383
1341 3004
1342 3119
1342 176
1343 974
1343 1770
1343 148
1344 952
1344 2527
1344 2840
1344 1440
1345 953
1345 2865
1345 190
1346 340
1346 1313
1346 1686
1347 2928
1347 460
1348 36
1348 303
1348 2150
1349 267
1349 1848
1349 127
1350 700
1350 189
1350 1805
1351 1880
1351 2556
1352 2707
1352 46
1352 2009
1352 1976
1353 800
1353 1683
1353 961
1354 1194
1354 1003
1355 802
1355 1139
1356 823
1356 354
1356 2491
1357 1167
1357 2969
1357 1597
1358 2630
1358 1884
1359 2973
1359 1996
1359 1114
1360 2676
1360 2951
1360 2331
1360 3066
1361 1641
1361 1426
1361 586
1362 260
1362 1645
1362 240
1362 1944
1362 1935
1363 977
1363 236
1364 1165
1364 1504
1364 1528
1365 2176
1365 2352
1365 2211
1365 2122
1366 1493
1366 701
1366 2350
1367 2932
1367 1292
1368 1271
1368 2044
1368 326
1369 2692
1369 391
1369 770
1370 1509
1370 1134
1370 2044
1371 2800
1371 1240
1371 2148
1371 2171
1372 2585
1373 3007
1373 1385
1373 703
1374 2039
1374 951
1375 2501
1376 1691
1376 1812
1376 3060
1377 1228
1377 2698
1378 122
1378 2414
1378 890
1378 820
1379 2917
1379 2233
1379 2068
1379 724
1379 2663
1379 1421
1380 2386
1380 3074
1381 1221
1381 1799
1382 2742
1382 1286
1382 3095
1382 1515
1382 1789
1383 1698
1383 1469
1383 67
1383 1085
1384 436
1384 1096
1385 1530
1385 790
1385 1373
1386 996
1386 145
1387 2337
1387 331
1388 2202
1388 1554
1389 1435
1389 425
1390 1459
1390 768
1390 1920
1390 2479
1391 241
1391 1273
1392 1631
1392 1585
1392 560
1393 828
1393 301
1393 407
1394 3105
1394 74
1394 2455
1395 1023
1395 1888
1395 1319
1396 3060
1396 1602
1397 2849
1397 635
1398 1405
1398 1054
1398 2933
1399 2567
1399 328
1399 626
1400 1632
1400 693
1401 722
1401 1923
1401 1038
1401 390
1401 1942
1402 1153
1402 240
1403 704
1403 1730
1403 1779
1404 33
1404 1572
1404 223
1404 896
1405 129
1405 1398
1406 1314
1406 1835
1406 2632
1406 2464
1406 2449
1407 603
1407 2257
1408 1081
1408 2641
1408 2065
1408 3123
1408 1251
1409 1335
1409 2766
1409 821
1409 2619
1409 2732
1410 238
1410 1830
1411 1778
1411 1970
1411 688
1412 838
1412 2345
1413 265
1413 2762
1413 2451
1414 634
1414 1975
1414 1067
1415 2167
1415 2857
1415 2292
1416 1638
1416 2987
1416 2948
1416 2195
1417 366
1417 1525
1418 946
1418 567
1418 1477
1418 2420
1419 793
1419 1575
1419 140
1420 1506
1420 2984
1420 928
1420 549
1421 2366
1421 532
1421 1379
1421 529
1422 753
1422 1277
1423 993
1423 64
1423 2021
1424 2064
1424 2947
1425 2278
1425 1037
1426 1361
1426 1023
1426 2376
1427 912
1428 2347
1428 2662
1429 245
1429 875
1430 183
1430 435
1430 672
1431 2153
1431 2373
1432 1867
1432 2922
1433 1485
1433 2156
1433 493
1433 1693
1434 689
1434 567
1434 2420
1434 654
1435 1389
1435 2245
1435 220
1435 2525
1436 166
1436 415
1437 2034
1437 3082
1437 2670
1438 138
1438 1730
1439 2578
1439 71
1440 2540
1440 1344
1441 2786
1441 609
1441 3003
1441 2182
1442 1808
1442 189
1443 1604
1443 2306
1443 2009
1444 2006
1444 2360
1445 3128
1445 2183
1445 1831
1446 237
1446 2105
1446 2031
1447 382
1447 985
1447 2
1447 486
1447 683
1448 2081
1448 1249
1448 989
1449 899
1449 3087
1449 1336
1450 716
1450 577
1450 1337
1451 279
1451 2139
1451 1098
1452 678
1452 1926
1453 3098
1453 1831
1453 2382
1454 1740
1454 662
1455 1726
1455 1761
1455 365
1456 2235
1456 2827
1456 687
1456 3031
1456 1787
1457 867
1457 910
1457 1823
1457 2923
1458 1785
1458 164
1458 1630
1459 797
1459 1390
1459 272
1459 2528
1459 593
1460 2050
1460 854
1461 448
1461 281
1462 151
1462 1668
1463 1678
1463 2262
1464 2594
1464 2568
1465 98
1465 1175
1466 397
1466 752
1467 1647
1467 415
1467 1326
1467 2456
1468 569
1468 463
1469 83
1469 1383
1470 2499
1470 3106
1470 2949
1470 2601
1470 2801
1471 255
1472 262
1472 404
1473 862
1473 751
1474 81
1474 2789
1475 650
1475 1507
1475 1694
1476 958
1476 898
1476 1582
1476 1668
1477 2356
1477 1418
1477 1574
1478 2235
1478 1908
1479 2465
1479 2464
1479 988
1480 2508
1480 684
1481 2490
1481 1142
1481 1669
1482 2782
1482 2471
1482 1163
1483 2955
1483 2458
1483 526
1483 2543
1484 2250
1484 2266
1485 1433
1485 1649
1485 2070
1485 2736
1486 911
1486 2592
1487 1936
1487 80
1487 1132
1488 921
1488 2195
1488 2844
1489 2487
1489 2769
1490 211
1490 11
1490 2342
1490 1146
1491 1785
1491 1002
1491 1961
1491 1825
1492 2731
1492 708
1493 1366
1493 1623
1493 2548
1494 1631
1494 2322
1494 1725
1495 1121
1495 2665
1496 1749
1496 1321
1496 2398
1497 262
1497 2343
1497 344
1497 2031
1497 3065
1498 2316
1498 97
1498 3139
1499 1552
1499 1795
1500 28
1500 204
1500 2358
1501 1819
1501 293
1501 2558
1501 186
1502 121
1502 2105
1503 3030
1503 941
1503 1582
1503 1837
1504 2942
1504 1700
1504 1364
1505 2996
1505 439
1505 2717
1506 1420
1507 2611
1507 2124
1507 1475
1508 1122
1508 79
1508 149
1509 1370
1509 1134
1509 261
1509 220
1510 2289
1510 2404
1510 3012
1511 158
1511 2536
1512 1279
1512 3105
1512 357
1513 2613
1513 789
1513 2975
1513 2980
1514 2286
1514 2900
1514 2715
1514 2383
1515 948
1515 1789
1515 1286
1515 1382
1516 544
1516 528
1516 1188
1516 2642
1517 3046
1517 2683
1517 2051
1518 2610
1518 329
1518 519
1518 2990
1519 859
1519 454
1519 1761
1520 1565
1520 2270
1521 2909
1521 1719
1522 1960
1522 1898
1522 150
1522 2238
1523 559
1523 682
1524 19
1524 397
1524 1331
1525 2060
1525 1417
1525 589
1526 532
1526 2844
1527 2763
1527 1993
1527 1313
1527 1798
1528 2357
1528 1364
1528 2166
1529 887
1529 2603
1529 3124
1530 1967
1530 1385
1530 2242
1530 1781
1531 2371
1531 1949
1532 1577
1532 2433
1533 3018
1533 2480
1533 2464
1534 1225
1534 2952
1534 2433
1535 2956
1536 1328
1536 1939
1536 2086
1537 855
1537 2559
1538 356
1538 932
1538 137
1539 2679
1539 1212
1540 1057
1540 1124
1540 208
1540 1643
1541 204
1541 495
1541 2831
1542 203
1542 582
1542 2938
1542 1015
1542 1724
1543 2533
1543 1056
1543 1767
1544 62
1544 1180
1544 1642
1545 670
1545 2220
1545 1814
1545 785
1546 2638
1546 775
1547 3031
1547 755
1547 685
1548 3122
1548 1999
1548 3127
1548 1226
1548 1587
1548 1332
1549 224
1549 202
1549 2332
1549 663
1550 611
1550 252
1550 2148
1550 2171
1551 1695
1551 2252
1551 2473
1552 1993
1552 1068
1552 1499
1553 324
1553 566
1554 1388
1554 416
1554 836
1555 1891
1555 1636
1555 2971
1555 1275
1556 320
1556 2407
1556 1725
1557 280
1557 217
1558 833
1558 165
1558 2367
1559 1235
1559 1613
1559 144
1559 1935
1560 1107
1560 2226
1560 2847
1560 2571
1561 1958
1561 1205
1561 835
1561 2705
1562 1990
1562 1232
1563 652
1563 777
1563 61
1563 1982
1564 1304
1564 2696
1564 2232
1564 239
1565 1520
1565 901
1565 3135
1566 977
1566 660
1566 458
1567 2972
1567 756
1567 770
1567 2098
1567 1220
1568 2927
1568 791
1568 1671
1568 710
1569 1012
1569 1129
1569 2430
1569 502
1570 313
1570 1203
1571 2628
1571 1650
1572 1404
1572 409
1572 1295
1573 2190
1573 735
1573 2827
1573 480
1574 1168
1574 2192
1574 1477
1575 155
1575 1419
1575 1309
1575 607
1576 1132
1576 1043
1576 943
1577 1314
1577 1532
1577 377
1577 1103
1577 177
1578 1163
1578 291
1578 939
1578 2601
1579 856
1579 2694
1579 786
1579 1180
1580 1866
1580 2224
1581 2787
1581 1627
1582 1668
1582 1476
1582 1503
1583 2158
1583 1070
1583 1694
1584 3054
1584 1261
1584 2906
1585 1392
1585 1032
1585 2698
1586 2434
1586 51
1587 2707
1587 2667
1587 1548
1588 3099
1588 562
1588 2271
1589 2696
1589 279
1589 2139
1590 13
1590 432
1590 803
1591 1916
1591 2522
1591 542
1592 3068
1592 1199
1592 1837
1593 815
1593 3095
1593 2397
1594 3008
1594 1237
1595 1936
1596 2989
1596 1105
1597 3093
1597 2298
1597 2969
1597 1357
1598 2134
1598 920
1598 2692
1599 1884
1599 1624
1600 2550
1600 2449
1600 2433
1601 442
1601 812
1602 1396
1603 632
1603 407
1603 1919
1603 828
1604 1443
1604 1809
1605 8
1605 43
1605 2717
1605 3087
1606 1145
1606 3149
1606 2568
1607 286
1607 1310
1607 2397
1607 1998
1608 1957
1608 2007
1609 2558
1609 311
1609 2067
1609 1120
1610 2133
1610 2375
1610 2125
1610 2902
1611 6
1611 603
1612 708
1612 469
1612 2740
1613 2324
1613 1559
1614 1744
1614 2012
1615 627
1615 2246
1615 2030
1616 785
1616 2220
1617 2840
1617 2145
1617 2415
1618 496
1618 470
1618 2251
1618 2199
1619 362
1619 1021
1620 2371
1620 2160
1620 608
1621 3115
1621 3090
1622 1942
1622 551
1622 787
1622 651
1622 1736
1623 2411
1623 1493
1623 89
1624 1832
1624 1599
1625 2685
1625 2113
1625 652
1626 408
1626 2088
1626 172
1627 1039
1627 933
1627 782
1627 1581
1628 688
1628 2299
1628 958
1628 2512
1629 282
1629 742
1630 2654
1630 422
1630 1458
1630 1821
1631 1392
1631 2407
1631 1494
1631 2135
1632 1400
1632 226
1633 1143
1633 22
1633 1648
1633 3137
1633 2407
1634 162
1634 2409
1634 2793
1634 474
1635 1753
1635 2331
1636 1555
1636 2691
1636 1953
1636 173
1637 3075
1637 1080
1638 1995
1638 1416
1638 1786
1639 906
1639 232
1640 12
1640 520
1640 2619
1640 1068
1641 1361
1641 597
1642 1544
1642 2023
1642 786
1642 2709
1642 758
1643 2085
1643 2686
1643 1540
1644 692
1644 2179
1645 3104
1645 260
1645 1362
1646 118
1646 2920
1646 139
1646 826
1646 589
1647 2384
1647 166
1647 2746
1647 1467
1647 1198
1648 1734
1648 2069
1648 1633
1648 3137
1649 2644
1649 1485
1650 802
1650 2848
1650 1571
1651 389
1651 2768
1652 44
1653 918
1653 2667
1653 85
1653 2468
1654 3156
1654 2445
1654 2939
1654 2472
1655 2428
1655 1033
1655 147
1656 235
1656 1172
1657 2121
1657 1747
1658 2890
1658 805
1658 908
1659 2146
1659 1121
1659 2460
1660 2614
1660 66
1661 744
1661 2021
1661 3107
1662 613
1663 2809
1663 334
1664 1177
1664 2403
1664 1881
1665 162
1665 2716
1665 2793
1665 2410
1666 2193
1666 41
1666 2283
1666 861
1666 2871
1667 23
1667 2207
1667 2001
1668 1582
1668 1462
1668 266
1668 1476
1668 1837
1669 822
1669 3020
1669 587
1669 1481
1670 2834
1670 569
1670 377
1671 1568
1671 1129
1671 2430
1672 1858
1672 2298
1672 2146
1673 2701
1673 3081
1673 269
1674 2999
1674 117
1674 762
1675 2015
1675 2315
1675 2973
1675 2905
1676 651
1676 2664
1676 2745
1677 1127
1677 2443
1677 337
1678 1463
1678 2057
1678 2244
1679 491
1679 2685
1680 1020
1680 1743
1681 608
1681 1692
1681 2266
1681 2134
1682 1964
1682 2341
1682 270
1683 276
1683 1353
1683 778
1683 3096
1684 2489
1684 2269
1684 395
1684 496
1684 1739
1685 2182
1685 2471
1685 3077
1686 2922
1686 809
1686 444
1686 1346
1687 2527
1687 952
1687 1115
1688 932
1688 2585
1688 2002
1689 1312
1689 234
1690 2483
1690 574
1690 2985
1691 1953
1691 1376
1691 1812
1691 2691
1692 1681
1692 2478
1693 719
1693 2399
1693 1433
1694 2835
1694 3140
1694 1583
1694 1475
1695 1551
1695 131
1696 48
1696 1278
1696 1171
1697 899
1697 1973
1698 1383
1698 713
1698 2066
1699 2575
1699 497
1700 2475
1700 1504
1700 2879
1701 1237
1701 1273
1701 844
1702 1048
1702 2894
1703 1116
1703 416
1703 2009
1703 2535
1704 2791
1705 2963
1705 415
1705 2259
1706 2040
1706 2004
1706 86
1707 1279
1707 883
1707 180
1707 353
1708 1864
1708 1001
1709 3019
1709 1909
1709 983
1710 1249
1710 390
1710 834
1711 523
1711 3013
1711 2953
1712 2248
1712 402
1712 1297
1713 99
1713 2872
1714 1278
1714 3158
1714 3085
1715 568
1715 1931
1715 1857
1716 42
1716 1123
1717 2309
1717 1866
1717 1299
1717 1882
1718 990
1718 534
1718 2621
1719 1521
1719 597
1719 2359
1720 1306
1720 2271
1720 687
1721 524
1721 1855
1721 2799
1722 736
1722 1873
1722 2604
1722 1174
1722 816
1723 96
1723 1101
1724 3029
1724 1290
1724 1185
1724 1542
1725 2616
1725 2123
1725 1494
1725 1556
1726 1455
1726 2595
1726 2875
1726 925
1727 3004
1727 2911
1728 2823
1728 3120
1728 482
1728 2790
1728 979
1728 683
1729 2877
1729 876
1730 1170
1730 1403
1730 1438
1730 2128
1731 1097
1731 2540
1731 2313
1731 2822
1731 1933
1732 1193
1732 1777
1732 2805
1732 3062
1733 507
1733 1110
1733 2884
1734 1186
1734 1648
1734 1152
1734 2356
1735 562
1735 2130
1736 677
1736 2265
1736 3042
1736 1622
1737 2033
1737 2018
1737 2066
1737 713
1738 659
1738 2203
1738 2755
1739 2251
1739 1684
1739 2132
1739 3111
1739 734
1740 1454
1740 1791
1741 178
1741 398
1741 544
1741 2722
1742 2877
1742 2058
1742 3037
1742 2502
1743 1184
1743 2382
1743 1680
1743 2520
1743 1937
1744 1614
1744 934
1744 2561
1744 97
1745 2334
1745 208
1745 970
1746 2204
1746 16
1747 1657
1747 3094
1748 257
1748 2286
1748 3132
1748 2900
1749 1496
1750 1128
1750 2042
1750 2241
1751 3034
1751 960
1751 2816
1752 2329
1752 2125
1753 1229
1753 2226
1753 1635
1754 2556
1754 304
1754 74
1755 634
1755 1825
1756 2138
1756 1146
1756 3057
1756 2389
1757 2224
1758 2855
1758 1791
1758 1093
1759 1843
1759 381
1759 216
1760 2951
1760 2521
1760 553
1761 1772
1761 1519
1761 1455
1761 1895
1761 2700
1762 19
1762 858
1762 3147
1763 223
1763 2252
1763 2319
1764 323
1764 1
1765 1199
1765 2423
1765 850
1766 439
1766 2745
1766 2974
1767 2970
1767 1162
1767 454
1767 1543
1768 207
1768 717
1769 2483
1770 2989
1770 1343
1771 3141
1771 2093
1772 1989
1772 1761
1772 628
1773 989
1773 1917
1773 2891
1774 2988
1774 748
1775 404
1775 2343
1775 1054
1776 3028
1776 3063
1776 2936
1777 2402
1777 1732
1777 557
1778 1411
1778 2452
1779 847
1779 1403
1779 2838
1780 727
1780 2903
1781 363
1781 2734
1781 494
1781 1530
1782 2569
1782 2064
1782 2669
1783 1057
1783 378
1783 2129
1783 2302
1784 2186
1784 2199
1784 1878
1785 1458
1785 600
1785 1491
1785 634
1786 3021
1786 1638
1787 2537
1787 1002
1787 1456
1788 999
1788 225
1789 284
1789 1515
1789 1382
1789 2565
1790 627
1790 2658
1790 910
1791 1740
1791 1758
1791 1137
1791 1093
1792 3138
1792 2053
1793 2036
1793 3107
1793 1129
1793 837
1794 753
1794 3079
1794 1007
1794 2466
1795 1499
1795 3014
1796 1230
1796 863
1796 1066
1796 3108
1797 2690
1797 1829
1798 2887
1798 2977
1798 1231
1798 1527
1799 218
1799 1381
1800 2630
1800 1860
1800 355
1801 5
1801 1282
1802 3087
1802 2807
1802 1119
1802 2446
1803 71
1804 2362
1804 2167
1805 1350
1805 1100
1805 730
1805 2364
1806 2243
1806 1983
1806 2018
1807 1925
1807 1058
1807 3045
1808 1442
1808 241
1808 1100
1809 1604
1809 2592
1809 2345
1810 501
1810 2860
1811 2206
1811 80
1811 2859
1812 588
1812 1953
1812 1376
1812 1691
1813 2818
1813 1085
1814 37
1814 1545
1815 2681
1815 546
1815 1824
1815 606
1815 465
1816 2010
1816 2324
1816 901
1817 78
1817 3148
1818 139
1818 2920
1818 2169
1818 2060
1818 815
1819 1501
1819 2528
1819 2022
1820 2085
1821 2775
1821 600
1821 1630
1822 522
1822 370
1822 1008
1823 1312
1823 2384
1823 845
1823 1457
1824 2000
1824 1815
1824 546
1824 2650
1825 1851
1825 583
1825 1755
1825 1491
1826 1072
1826 1866
1826 2965
1826 762
1827 2110
1827 1156
1827 2649
1827 2954
1828 503
1828 971
1828 151
1828 959
1829 1797
1829 2919
1829 2925
1829 1905
1829 1318
1830 995
1830 1060
1830 1410
1830 1870
1831 1081
1831 63
1831 581
1831 1445
1831 1453
1832 2144
1832 1624
1832 1028
1833 2251
1833 653
1834 3072
1834 1906
1834 1300
1835 2250
1835 1406
1835 2632
1836 2537
1836 2613
1836 1210
1836 735
1837 1668
1837 2494
1837 3017
1837 1592
1837 1503
1838 2535
1838 128
1839 2881
1839 811
1839 3115
1839 2255
1840 2999
1840 339
1840 2907
1841 660
1841 2103
1842 2409
1842 723
1842 222
1843 1759
1843 872
1844 2140
1845 674
1845 687
1845 2041
1846 814
1846 3110
1847 286
1847 566
1848 2903
1848 2312
1848 1349
1848 127
1849 2438
1849 155
1850 1945
1850 3093
1850 2573
1850 505
1851 1283
1851 1825
1851 583
1852 3094
1852 2933
1853 2732
1853 1335
1854 822
1854 3011
1855 1721
1855 991
1855 278
1855 193
1856 1335
1856 950
1856 12
1857 899
1857 1872
1857 1715
1858 2912
1858 1672
1858 2298
1859 2281
1859 853
1860 1800
1860 2299
1861 2493
1861 2605
1861 2813
1862 2837
1862 1114
1862 1996
1863 2126
1863 100
1864 2111
1864 1708
1864 2765
1865 445
1865 2872
1866 1580
1866 1826
1866 1717
1866 2689
1867 1972
1867 2155
1867 1432
1868 29
1868 803
1869 1019
1869 945
1870 82
1870 995
1870 1830
1870 2929
1871 592
1871 29
1872 2556
1872 1857
1873 2604
1873 1722
1873 1174
1873 2296
1874 701
1874 1281
1875 502
1875 2677
1875 1236
1875 3040
1876 1264
1876 268
1877 2357
1877 2838
1878 2199
1878 2147
1878 1146
1878 1784
1879 2085
1879 351
1879 50
1880 112
1880 1351
1880 317
1881 2722
1881 1664
1882 1299
1882 1717
1882 2926
1882 762
1883 679
1883 2869
1884 1599
1884 1358
1885 2329
1885 2609
1885 2157
1886 78
1886 477
1887 2720
1887 128
1887 416
1887 836
1888 3061
1888 2810
1888 1023
1888 1395
1889 956
1889 2242
1889 2285
1890 2080
1890 2763
1890 1020
1891 2691
1891 1555
1891 2524
1892 2568
1892 883
1893 850
1893 2682
1893 2751
1894 200
1894 110
1895 246
1895 1761
1895 52
1896 853
1896 2104
1896 230
1897 2769
1897 554
1897 83
1898 3136
1898 1522
1898 2825
1899 802
1899 518
1899 2353
1899 2726
1899 64
1900 2939
1900 1243
1900 242
1901 2459
1901 625
1901 2278
1901 2536
1902 368
1902 354
1902 2491
1903 414
1903 908
1903 3108
1904 928
1904 3006
1905 2925
1905 1996
1905 1829
1906 1834
1906 672
1906 1163
1907 1275
1907 2971
1907 1953
1908 1478
1908 437
1908 687
1909 368
1909 3078
1909 1709
1909 371
1910 102
1910 589
1911 875
1911 2914
1911 2588
1912 513
1912 2042
1912 2192
1912 1168
1913 3082
1913 888
1913 311
1913 689
1914 1049
1914 1338
1914 2089
1915 2580
1915 903
1916 1591
1916 2209
1916 1096
1917 2891
1917 1773
1917 2313
1917 197
1918 1101
1918 2398
1918 1977
1919 215
1919 1603
1920 283
1920 2453
1920 2327
1920 1390
1921 2724
1921 2362
1922 3127
1922 548
1923 2817
1923 1401
1923 390
1924 103
1924 2559
1925 1807
1925 2308
1926 1452
1926 195
1926 1211
1926 9
1927 258
1927 915
1928 938
1928 3053
1929 395
1929 188
1929 2186
1929 1222
1929 2310
1930 1145
1930 1300
1930 884
1930 1941
1931 1715
1931 317
1931 2098
1932 1063
1932 88
1933 843
1933 2540
1933 1731
1933 2313
1933 834
1934 2815
1934 2350
1934 86
1935 2945
1935 240
1935 1362
1935 1559
1936 1595
1936 1487
1937 2676
1937 1743
1937 1024
1937 970
1938 2410
1938 909
1938 2143
1939 214
1939 2586
1939 1949
1939 1307
1939 1536
1940 383
1940 2112
1940 1337
1941 353
1941 1065
1941 3106
1941 1930
1942 1401
1942 1622
1943 406
1943 2208
1944 1153
1944 20
1944 1362
1945 1850
1945 3093
1946 2615
1946 2503
1946 2935
1947 2461
1947 2388
1948 805
1948 3108
1948 775
1949 2586
1949 691
1949 1939
1949 1531
1950 2387
1950 800
1950 748
1951 2234
1951 2606
1952 3136
1952 2503
1952 2238
1953 1691
1953 1812
1953 572
1953 1636
1953 1907
1954 103
1954 1005
1954 2024
1955 970
1955 862
1955 2519
1956 2833
1956 135
1957 1007
1957 1608
1958 1561
1958 2705
1959 158
1959 2136
1959 1980
1959 2463
1960 1522
1960 290
1961 3075
1961 829
1961 1183
1961 1491
1962 235
1962 2546
1962 2288
1963 2993
1963 523
1964 710
1964 2927
1964 1682
1965 831
1965 927
1965 2295
1966 1052
1966 2666
1966 2202
1967 1242
1967 1530
1967 2694
1968 797
1968 1130
1968 2992
1968 2022
1968 345
1969 590
1969 138
1969 471
1969 2893
1970 1411
1970 573
1970 423
1971 233
1971 524
1971 2409
1971 3039
1971 1142
1972 963
1972 1867
1972 2155
1972 159
1973 456
1973 1697
1974 455
1974 2590
1975 723
1975 1414
1975 2871
1976 2084
1976 1339
1976 1352
1977 745
1977 1918
1978 247
1978 2649
1979 319
1979 2476
1979 3114
1980 2536
1980 2529
1980 2618
1980 1959
1981 2911
1981 2237
1982 2474
1982 777
1982 1563
1982 2783
1982 477
1983 1806
1984 360
1984 2941
1984 2505
1985 1251
1985 1109
1985 2059
1986 2046
1986 478
1986 1047
1987 141
1987 916
1987 75
1988 195
1988 835
1989 1772
1989 2708
1990 1562
1990 352
1990 2632
1991 2115
1991 2610
1992 2599
1992 2291
1992 326
1993 1552
1993 1527
1994 1013
1994 2024
1995 1638
1995 2396
1996 3073
1996 1905
1996 1862
1996 1359
1997 80
1997 2272
1998 1315
1998 1607
1999 3127
1999 50
1999 1548
2000 1262
2000 1824
2001 53
2001 2325
2001 1667
2002 1244
2002 1688
2003 2329
2003 2457
2003 2419
2003 584
2003 2157
2004 2485
2004 2045
2004 1706
2005 2343
2005 676
2005 2260
2006 1444
2006 2765
2006 1204
2007 2722
2007 1188
2007 1608
2007 776
2008 255
2008 99
2008 1329
2009 2063
2009 1703
2009 1443
2009 2172
2009 1352
2009 973
2010 185
2010 2513
2010 1816
2011 811
2011 492
2012 934
2012 2025
2012 1614
2013 2897
2013 1173
2014 521
2014 2646
2015 2315
2015 1675
2015 2068
2015 86
2016 2364
2016 2700
2016 2826
2016 628
2017 2284
2017 132
2017 2424
2018 1737
2018 1806
2018 2066
2018 2767
2019 2559
2019 3154
2020 2680
2020 2221
2020 220
2021 717
2021 1661
2021 1423
2022 333
2022 1968
2022 1819
2023 2363
2023 1642
2023 2736
2023 2889
2023 2709
2024 2099
2024 1954
2024 1994
2024 2889
2025 2012
2025 2541
2025 2294
2026 256
2026 1069
2026 633
2026 2489
2027 1168
2027 2042
2028 1004
2028 976
2029 72
2029 761
2030 3019
2030 3125
2030 1615
2031 3065
2031 1497
2031 2274
2031 2163
2031 1446
2032 394
2032 712
2033 813
2033 1737
2033 2983
2034 3142
2034 1437
2034 455
2034 1006
2035 1221
2035 3088
2035 2954
2036 1793
2036 2262
2036 2416
2036 2669
2036 2784
2037 5
2038 3026
2038 788
2038 1246
2039 1172
2039 1374
2040 2885
2040 2880
2040 1706
2041 981
2041 894
2041 1845
2042 1912
2042 253
2042 2027
2042 1750
2043 306
2043 2858
2043 1078
2044 1368
2044 1370
2044 277
2044 1255
2045 2004
2045 2485
2045 2880
2045 2743
2045 2372
2046 1986
2046 2313
2047 2683
2047 2853
2047 975
2048 2421
2048 2499
2048 2098
2049 1252
2049 381
2049 2103
2049 369
2050 1460
2050 393
2050 2978
2051 1517
2051 999
2052 2311
2052 2897
2052 75
2053 1792
2053 873
2054 3058
2054 624
2054 526
2054 720
2054 1212
2055 295
2055 929
2055 2747
2056 138
2056 471
2056 2247
2057 1065
2057 1678
2058 1742
2058 876
2058 193
2059 3098
2059 869
2059 2517
2059 3128
2059 1985
2060 865
2060 1525
2060 1818
2061 545
2061 2871
2061 837
2062 3015
2062 2542
2063 2009
2063 2667
2063 1040
2064 1782
2064 2569
2064 1424
2065 1408
2065 910
2065 3114
2066 2018
2066 1737
2066 1698
2066 3126
2067 601
2067 2289
2067 2739
2067 1609
2068 2015
2068 1379
2069 2439
2069 1648
2069 1228
2070 1485
2070 3013
2070 741
2071 238
2071 155
2071 503
2072 1173
2072 641
2072 2897
2073 2595
2073 1250
2073 508
2074 2521
2074 2503
2074 2678
2074 1049
2075 2502
2075 3037
2075 2962
2076 1160
2076 2570
2077 480
2077 2827
2077 605
2078 3
2079 12
2079 2667
2079 1040
2080 1890
2080 976
2080 708
2081 182
2081 3126
2081 83
2081 1448
2082 1213
2082 2228
2083 2500
2083 2768
2083 2672
2084 2090
2084 1976
2084 448
2085 1820
2085 1879
2085 1643
2085 1332
2086 72
2086 1536
2087 30
2087 1085
2088 725
2088 1626
2089 626
2089 1914
2089 1011
2090 2084
2090 535
2090 2770
2091 1145
2091 152
2092 3121
2092 2820
2093 2312
2093 2709
2093 1771
2093 3153
2093 2363
2094 1058
2094 1165
2094 546
2094 2475
2095 3036
2095 1316
2096 2493
2096 409
2096 3
2097 2354
2097 992
2098 1931
2098 747
2098 1567
2098 2048
2099 914
2099 2024
2100 2372
2100 604
2100 2296
2101 1055
2101 391
2102 2128
2102 2838
2102 3101
2103 1841
2103 2049
2103 2934
2104 1896
2104 287
2104 2264
2105 1502
2105 1446
2105 2484
2106 2467
2106 2867
2107 621
2107 2267
2108 988
2108 460
2109 119
2109 2561
2109 1181
2110 1156
2110 1827
2110 3046
2110 2637
2110 359
2111 3063
2111 1864
2111 347
2112 383
2112 1940
2113 3096
2113 1625
2113 3049
2114 2925
2115 1991
2115 683
2116 2690
2116 2316
2116 91
2117 2945
2117 398
2117 734
2118 2998
2118 3099
2118 2598
2119 60
2119 1116
2119 804
2120 1239
2120 2488
2120 3066
2121 1657
2121 2676
2122 2516
2122 703
2122 2137
2122 2359
2122 1365
2123 2201
2123 511
2123 1725
2124 1507
2124 2943
2124 3149
2124 1012
2125 1610
2125 1752
2125 2419
2126 1863
2126 435
2126 1092
2126 672
2127 469
2127 2740
2127 2367
2128 2102
2128 1730
2129 2808
2129 2551
2129 1783
2129 1263
2130 981
2130 1735
2130 2261
2131 1272
2131 761
2131 684
2132 2269
2132 2489
2132 1311
2132 1739
2133 1610
2133 919
2133 506
2133 644
2134 1598
2134 2266
2134 1681
2134 680
2134 1298
2135 3147
2135 229
2135 1032
2135 1631
2136 2414
2136 442
2136 1959
2137 671
2137 1175
2137 1337
2137 1209
2137 2122
2138 1756
2138 470
2138 1146
2138 3057
2139 2839
2139 1589
2139 1451
2139 356
2140 1844
2140 1208
2141 537
2141 2142
2142 2141
2142 2402
2142 2428
2143 2540
2143 1938
2143 834
2144 1832
2144 573
2145 1050
2145 1617
2146 1672
2146 1659
2146 1232
2146 1011
2146 161
2147 1878
2147 1150
2148 1371
2148 406
2148 1550
2149 819
2149 670
2150 412
2150 1348
2151 181
2151 787
2152 1273
2152 325
2152 2605
2153 917
2153 1431
2154 3145
2154 720
2154 105
2154 749
2155 2557
2155 1867
2155 1972
2156 2853
2156 1433
2156 2451
2157 482
2157 2375
2157 1885
2157 2003
2157 2257
2158 1583
2158 2244
2158 3149
2159 2200
2159 2413
2159 2352
2160 1620
2160 759
2160 666
2160 2555
2161 572
2161 916
2161 1193
2161 1333
2162 1176
2162 2729
2162 233
2162 2502
2163 706
2163 2274
2163 810
2163 2031
2164 2616
2164 880
2164 942
2164 551
2165 2814
2165 301
2165 655
2165 2730
2166 3102
2166 1319
2166 1528
2166 530
2166 2759
2167 1415
2167 1804
2167 219
2168 637
2168 1095
2168 2437
2169 1818
2169 865
2169 2959
2169 2712
2170 2773
2170 2922
2170 2731
2170 2367
2171 403
2171 2333
2171 1371
2171 1550
2172 2345
2172 2009
2172 1321
2173 1133
2173 253
2174 418
2174 2431
2174 3032
2175 2719
2175 473
2175 2693
2175 320
2176 3097
2176 1365
2176 606
2176 2359
2177 329
2178 571
2178 1039
2178 109
2179 318
2179 1644
2180 173
2180 1333
2180 2402
2181 1011
2181 784
2181 2573
2181 1049
2182 1685
2182 1441
2183 1445
2184 1132
2184 760
2184 2830
2185 1041
2185 2538
2186 1929
2186 1784
2186 3111
2187 949
2187 312
2188 543
2188 2765
2189 1323
2189 619
2189 2964
2190 2706
2190 1573
2190 2672
2191 2592
2191 1266
2192 1574
2192 1912
2192 2241
2193 1014
2193 1666
2193 2871
2193 222
2194 378
2194 94
2195 1488
2195 533
2195 1416
2196 2864
2196 1117
2196 2222
2197 2288
2197 2498
2197 824
2198 868
2198 2547
2199 1878
2199 1618
2199 1784
2200 2159
2200 773
2201 2123
2201 3147
2202 1388
2202 1966
2203 906
2203 2755
2203 1738
2204 1746
2204 1210
2204 2781
2205 102
2205 1329
2206 1811
2206 199
2206 1238
2207 2423
2207 2771
2207 1667
2208 2482
2208 1240
2208 2785
2208 1943
2209 48
2209 1916
2210 214
2210 870
2211 1365
2211 2495
2212 451
2212 2728
2213 663
2213 1148
2214 18
2214 170
2214 81
2215 276
2216 2394
2216 2441
2216 2234
2217 654
2217 560
2217 2698
2218 1265
2218 2571
2219 2910
2219 1037
2220 37
2220 1616
2220 1545
2221 2020
2221 2817
2222 2196
2223 930
2223 2424
2223 132
2224 1580
2224 1757
2224 500
2225 942
2225 323
2225 880
2226 1753
2226 2744
2226 1560
2227 746
2227 893
2227 2813
2228 2082
2228 188
2229 1092
2229 1029
2230 1038
2230 547
2231 264
2231 402
2231 902
2232 1098
2232 1189
2232 574
2232 629
2232 1564
2233 1379
2233 2973
2233 724
2233 2517
2233 413
2234 291
2234 1951
2234 2216
2235 1478
2235 1456
2235 2827
2236 603
2236 1271
2237 1043
2237 2774
2237 1981
2238 199
2238 1952
2238 1522
2239 953
2240 707
2240 2514
2240 2986
2241 732
2241 2192
2241 1750
2242 411
2242 1530
2242 2323
2242 1889
2243 1806
2243 813
2243 123
2244 1678
2244 2158
2244 1070
2244 2784
2245 644
2245 2582
2245 919
2245 1435
2246 1082
2246 1071
2246 1615
2247 2056
2247 2866
2247 910
2248 1712
2248 2351
2249 2459
2249 2509
2249 2938
2250 1835
2250 1484
2250 1310
2250 2555
2251 1833
2251 1739
2251 1618
2251 1311
2252 1551
2252 2473
2252 1763
2253 2676
2253 2587
2254 3113
2254 54
2255 3090
2255 2916
2255 600
2255 1839
2256 2841
2256 1101
2257 985
2257 486
2257 1407
2257 2157
2258 2380
2258 858
2258 1331
2259 1206
2259 338
2259 1705
2259 2351
2259 1107
2260 1089
2260 1000
2260 902
2260 2005
2261 2130
2261 806
2262 768
2262 2416
2262 2036
2262 1463
2263 2844
2263 3016
2264 2982
2264 2104
2264 2281
2264 599
2265 2991
2265 2596
2265 384
2265 1736
2265 504
2266 2552
2266 1484
2266 1681
2266 2134
2267 591
2267 98
2267 2107
2268 562
2268 2772
2268 1247
2268 1254
2269 1684
2269 2132
2269 2797
2269 188
2270 957
2270 2437
2270 1520
2271 1588
2271 437
2271 1720
2272 1997
2272 2571
2272 2847
2273 1102
2273 2956
2274 715
2274 706
2274 2163
2274 344
2274 2031
2275 1102
2275 2876
2276 1293
2276 2825
2276 784
2276 2859
2277 92
2277 1127
2278 1425
2278 1037
2278 1901
2278 625
2279 2650
2279 2597
2279 2495
2280 938
2280 2475
2280 2697
2280 2357
2281 2816
2281 1859
2281 2264
2281 1202
2281 2406
2282 622
2282 539
2282 2829
2282 3003
2283 65
2283 2633
2283 1666
2283 3035
2283 509
2284 696
2284 2017
2284 459
2285 239
2285 2376
2285 1319
2285 1889
2285 3102
2286 436
2286 1514
2286 1748
2286 645
2287 544
2287 3148
2288 399
2288 2197
2288 1962
2289 1510
2289 2739
2289 2067
2290 806
2290 662
2290 2368
2291 6
2291 1992
2292 2897
2292 2311
2292 1415
2293 2611
2293 650
2294 2777
2294 413
2294 2025
2295 2682
2295 2860
2295 1965
2296 3100
2296 2100
2296 1873
2297 2868
2297 1241
2297 2335
2297 2614
2298 1597
2298 1672
2298 1858
2299 688
2299 1628
2299 1860
2299 503
2300 441
2300 740
2300 2344
2300 2891
2301 773
2301 2961
2301 465
2302 1263
2302 1783
2303 374
2304 2412
2304 582
2304 801
2304 2931
2305 1157
2305 1259
2305 755
2306 918
2306 85
2306 1443
2307 2442
2307 565
2307 2916
2308 171
2308 1925
2309 1717
2309 515
2309 2832
2310 227
2310 1222
2310 1929
2310 734
2311 445
2311 2052
2311 2292
2312 2093
2312 1848
2312 2709
2313 1917
2313 2046
2313 1731
2313 1933
2314 18
2314 877
2315 2405
2315 2426
2315 2015
2315 1675
2316 1498
2316 2116
2317 955
2317 2487
2318 1163
2318 818
2318 2811
2319 760
2319 1763
2320 1216
2320 8
2320 1151
2321 3092
2321 1076
2322 564
2322 997
2322 1494
2323 703
2323 2824
2323 2242
2324 1613
2324 144
2324 1816
2324 2694
2325 758
2325 2001
2326 281
2326 2608
2326 733
2327 1106
2327 2670
2327 1920
2328 1298
2328 1141
2329 1752
2329 1885
2329 2003
2329 3069
2330 63
2330 926
2330 3102
2331 1635
2331 1360
2331 2951
2332 1549
2332 709
2333 90
2333 403
2333 2171
2334 1745
2334 2686
2335 2944
2335 2297
2335 3116
2336 421
2336 526
2336 2543
2337 1387
2337 505
2338 399
2338 2737
2339 1149
2339 545
2339 1067
2340 425
2340 1095
2340 630
2341 2775
2341 201
2341 270
2341 1682
2342 2958
2342 1490
2342 3024
2343 2005
2343 676
2343 1497
2343 1775
2344 829
2344 474
2344 2729
2344 2300
2345 2172
2345 1412
2345 1809
2346 1246
2346 118
2347 1428
2347 2805
2348 15
2348 2381
2349 2904
2349 592
2350 528
2350 776
2350 1366
2350 429
2350 1934
2351 3157
2351 2248
2351 2259
2351 2933
2351 413
2351 658
2352 2159
2352 773
2352 1365
2353 1138
2353 1899
2354 2097
2354 2861
2354 448
2354 1267
2355 3047
2355 1118
2356 1477
2356 1734
2356 1022
2356 2505
2357 1877
2357 1528
2357 2280
2358 2809
2358 1500
2358 806
2359 606
2359 2176
2359 1719
2359 2122
2359 2824
2360 1133
2360 2652
2360 1444
2361 1305
2361 2901
2362 1804
2362 1921
2363 2023
2363 2644
2363 2673
2363 2093
2364 2595
2364 2016
2364 730
2364 2618
2364 1805
2365 1296
2365 2893
2365 764
2366 1421
2366 960
2366 2663
2367 3155
2367 2127
2367 1558
2367 2170
2368 915
2368 2290
2368 464
2369 2487
2369 187
2370 3020
2370 2770
2371 1620
2371 324
2371 1531
2372 2100
2372 95
2372 2045
2373 616
2373 2437
2373 1431
2374 2486
2374 598
2374 3014
2375 1610
2375 2157
2376 1426
2376 239
2376 629
2376 2285
2376 2824
2377 3085
2377 912
2377 1017
2378 2381
2378 548
2379 2997
2379 2682
2379 543
2379 314
2380 2258
2380 1204
2380 656
2381 2348
2381 2378
2381 755
2381 39
2382 623
2382 2488
2382 1743
2382 1453
2383 121
2383 1341
2383 1514
2384 166
2384 1647
2384 1823
2385 890
2386 2739
2386 1380
2387 1950
2387 2659
2387 2411
2388 483
2388 1947
2389 936
2389 2783
2389 1756
2390 2894
2390 2986
2390 607
2390 619
2391 824
2391 2510
2392 2530
2392 1261
2392 1256
2393 539
2393 2603
2393 1227
2393 1035
2394 2216
2394 370
2395 198
2395 915
2396 1232
2396 1995
2396 2948
2396 1011
2397 839
2397 1607
2397 1593
2398 1918
2398 1496
2398 973
2398 3081
2399 1693
2399 2954
2399 359
2400 621
2400 3057
2401 534
2402 1777
2402 2142
2402 2180
2402 1333
2402 2662
2403 2498
2403 1177
2403 1664
2403 2515
2404 346
2404 1510
2405 2315
2405 2926
2405 2905
2406 1079
2406 1184
2406 2281
2406 3032
2407 1631
2407 1556
2407 1633
2408 355
2408 995
2409 1634
2409 1971
2409 1842
2410 197
2410 1938
2410 909
2410 2716
2410 1665
2411 1623
2411 1203
2411 2387
2412 2304
2412 514
2413 2728
2413 2159
2413 1209
2414 2136
2414 2661
2414 1378
2415 1050
2415 1115
2415 1617
2415 2940
2415 2660
2416 593
2416 2262
2416 1070
2416 2784
2416 2036
2417 84
2417 886
2417 182
2417 67
2418 212
2418 318
2418 100
2419 2125
2419 2457
2419 2003
2419 599
2420 732
2420 1434
2420 1418
2421 2048
2421 2823
2422 816
2422 849
2423 2207
2423 850
2423 1765
2423 980
2424 2223
2424 1213
2424 2017
2425 2862
2425 914
2425 134
2426 2315
2426 2999
2426 2919
2427 1151
2427 170
2428 1655
2428 2142
2429 555
2429 2763
2430 387
2430 2835
2430 2726
2430 1569
2430 1671
2431 2174
2431 1195
2431 1202
2431 2587
2432 380
2432 1321
2433 1532
2433 1534
2433 2566
2433 1600
2434 1586
2434 1069
2434 113
2434 716
2434 3057
2435 156
2435 2928
2435 1315
2436 2610
2436 1338
2437 2694
2437 2270
2437 2373
2437 2168
2438 1849
2438 2747
2439 3083
2439 2069
2440 146
2440 2937
2440 110
2441 2216
2441 626
2441 939
2442 2307
2442 2706
2442 1192
2443 1137
2443 2755
2443 1677
2444 731
2444 825
2445 128
2445 1654
2446 1336
2446 473
2446 1802
2447 2943
2447 3112
2448 2740
2448 127
2449 3080
2449 1600
2449 1406
2450 222
2450 288
2451 1413
2451 2978
2451 541
2451 2156
2451 2749
2452 1778
2452 1001
2452 2512
2453 1120
2453 796
2453 1920
2454 324
2454 1328
2455 1300
2455 183
2455 1394
2456 1218
2456 1107
2456 1467
2456 2588
2457 2790
2457 1031
2457 2003
2457 3010
2457 2419
2458 624
2458 3058
2458 2961
2458 1483
2458 1337
2459 1901
2459 2249
2460 315
2460 2948
2460 1121
2460 1659
2461 395
2461 1947
2461 496
2461 483
2462 2544
2462 1268
2462 1032
2463 101
2463 1959
2464 1533
2464 2843
2464 1479
2464 2632
2464 1406
2465 763
2465 1479
2466 1007
2466 1794
2466 169
2467 2106
2467 3022
2468 1653
2468 969
2468 299
2469 2830
2469 2813
2469 1034
2469 290
2470 2590
2470 1200
2470 610
2471 1482
2471 1061
2471 1685
2471 2811
2472 2637
2472 1285
2472 225
2472 1654
2473 3103
2473 1551
2473 2252
2474 1982
2474 1281
2474 386
2475 2280
2475 1700
2475 2094
2476 1979
2476 1135
2477 881
2477 2504
2478 388
2478 684
2478 1692
2479 2669
2479 955
2479 1390
2480 161
2480 767
2480 1533
2481 354
2481 907
2482 2208
2482 359
2482 1221
2482 2993
2483 1769
2483 1690
2483 1244
2483 2723
2483 1098
2484 1073
2484 2105
2485 2004
2485 1188
2485 2045
2486 2374
2486 708
2487 2369
2487 1489
2487 2317
2488 2120
2488 3123
2488 2382
2488 3066
2488 341
2489 1684
2489 2132
2489 2026
2489 2797
2490 1320
2490 743
2490 1481
2491 1356
2491 3044
2491 1902
2491 809
2491 2791
2492 2781
2492 2497
2492 50
2493 2605
2493 1861
2493 2096
2493 275
2494 2544
2494 1041
2494 1837
2495 2211
2495 2600
2495 2650
2495 2279
2496 772
2496 2966
2496 45
2497 1303
2497 2492
2498 2403
2498 2197
2499 143
2499 2048
2499 1470
2500 2083
2500 68
2500 2808
2501 3080
2501 1375
2501 2843
2502 2075
2502 1742
2502 193
2502 2162
2503 1952
2503 1946
2503 2074
2503 553
2503 1308
2504 1110
2504 2477
2504 1328
2505 567
2505 2941
2505 2356
2505 1143
2505 1984
2506 1323
2506 2523
2507 389
2507 422
2508 1480
2508 391
2508 2724
2509 2249
2509 375
2510 2391
2510 2981
2510 477
2511 167
2511 0
2512 1041
2512 266
2512 1628
2512 2452
2513 1242
2513 2010
2514 2524
2514 2240
2515 2403
2516 1175
2516 500
2516 2122
2517 869
2517 2059
2517 2233
2518 967
2518 128
2518 1116
2519 1035
2519 1237
2519 1955
2519 2636
2520 326
2520 531
2520 1004
2520 1743
2521 2074
2521 553
2521 1308
2521 1760
2522 1171
2522 1591
2523 2506
2523 971
2523 596
2524 2514
2524 498
2524 1891
2525 326
2525 1435
2525 267
2526 857
2526 1228
2527 1687
2527 1344
2528 1459
2528 1819
2528 1120
2529 625
2529 1980
2529 2780
2529 508
2530 2392
2530 2980
2531 3037
2531 674
2531 193
2532 450
2532 830
2532 181
2533 305
2533 1543
2533 1261
2533 3054
2534 69
2534 996
2535 1838
2535 2720
2535 973
2535 1703
2536 1511
2536 1901
2536 1980
2537 47
2537 1836
2537 16
2537 1787
2538 54
2538 1027
2538 2185
2539 101
2539 202
2540 1440
2540 2143
2540 1731
2540 1933
2541 1327
2541 3157
2541 2025
2542 2865
2542 2062
2542 190
2543 526
2543 2336
2543 1483
2544 2462
2544 2494
2544 578
2544 1001
2545 686
2545 2733
2545 2715
2546 3135
2546 2967
2546 1962
2547 2741
2547 2198
2548 1150
2548 1493
2549 727
2549 37
2550 1600
2550 767
2550 2573
2551 1236
2551 2757
2551 1064
2551 2129
2552 2266
2552 93
2552 1289
2553 388
2553 839
2554 2764
2554 2970
2554 2788
2555 759
2555 2160
2555 2250
2556 1872
2556 1754
2556 1351
2557 2155
2557 2620
2558 1609
2558 1501
2558 796
2559 1537
2559 2019
2559 1924
2559 1078
2560 191
2560 962
2560 53
2561 757
2561 1744
2561 2109
2561 661
2562 904
2562 3152
2563 3026
2563 2642
2563 828
2564 1154
2564 931
2564 2957
2564 3118
2565 1789
2565 841
2565 948
2565 1232
2566 1201
2566 680
2566 2433
2567 1399
2567 870
2568 1892
2568 1464
2568 1606
2569 1782
2569 2064
2569 1294
2570 602
2570 2076
2570 638
2571 2218
2571 2272
2571 810
2571 1107
2571 1560
2572 42
2572 322
2573 2550
2573 1850
2573 2181
2574 154
2574 2865
2575 1699
2575 2979
2576 2703
2576 2832
2576 515
2577 2991
2577 2979
2577 3042
2577 2915
2577 1155
2578 714
2578 1213
2578 1439
2579 31
2579 456
2579 3109
2580 1915
2581 216
2581 1140
2582 1045
2582 2245
2582 919
2583 914
2583 855
2584 2947
2584 827
2584 57
2584 1200
2585 1688
2585 1372
2585 523
2586 1949
2586 1939
2586 920
2587 658
2587 2253
2587 2431
2588 1911
2588 409
2588 2456
2589 243
2589 2849
2590 2470
2590 1974
2591 2671
2591 755
2591 2788
2592 1486
2592 2191
2592 299
2592 1809
2593 2938
2593 1015
2593 514
2594 1464
2594 373
2594 883
2594 136
2595 2073
2595 1726
2595 2364
2596 384
2596 309
2596 2265
2597 2279
2598 2755
2598 2118
2599 1255
2599 1992
2600 308
2600 2495
2601 939
2601 3134
2601 2801
2601 1578
2601 1470
2602 1264
2602 933
2603 1529
2603 2677
2603 2752
2603 2393
2604 292
2604 1873
2604 1722
2605 2493
2605 1861
2605 2152
2606 1951
2606 669
2607 1288
2607 106
2608 1280
2608 2326
2609 595
2609 1217
2609 3152
2609 1885
2610 2436
2610 1518
2610 1338
2610 1991
2611 1507
2611 2293
2611 2943
2612 3069
2612 3151
2612 895
2612 780
2613 1513
2613 1836
2614 1660
2614 3116
2614 2297
2614 847
2615 1946
2615 290
2616 473
2616 2164
2616 1725
2617 873
2618 739
2618 2364
2618 709
2618 1980
2619 639
2619 1409
2619 1640
2619 766
2620 1052
2620 2557
2621 913
2621 1718
2621 1259
2622 2984
2622 564
2622 549
2622 962
2623 2808
2623 2768
2624 468
2624 452
2624 1006
2625 480
2625 3115
2626 920
2626 1108
2626 770
2626 1016
2627 3034
2627 2918
2627 1264
2628 272
2628 2848
2628 1571
2629 628
2629 508
2630 1358
2630 1800
2631 33
2631 243
2631 817
2631 223
2632 1990
2632 1406
2632 1835
2632 1310
2632 2464
2632 988
2633 1014
2633 288
2633 3035
2633 2283
2634 536
2634 945
2634 561
2635 1194
2635 741
2635 3141
2636 2820
2636 2519
2637 2472
2637 359
2637 2735
2637 2110
2638 1546
2638 1226
2638 3054
2639 3068
2639 980
2639 630
2640 184
2640 2863
2640 2727
2641 1287
2641 1408
2641 3001
2642 2563
2642 429
2642 1188
2642 1516
2643 306
2644 1649
2644 3141
2644 2363
2645 132
2645 2955
2645 624
2646 2014
2647 2863
2647 554
2647 768
2648 255
2649 1182
2649 1978
2649 1827
2649 541
2650 2279
2650 2495
2650 1824
2650 302
2651 338
2651 1297
2652 2360
2652 1133
2652 543
2653 3059
2653 690
2653 2771
2654 1630
2654 987
2654 808
2655 424
2656 212
2656 1201
2657 434
2657 558
2658 2932
2658 809
2658 1790
2658 2923
2659 903
2659 2387
2659 701
2660 585
2660 2415
2660 1128
2661 122
2661 2414
2661 2874
2662 1428
2662 1077
2662 1018
2662 3062
2662 2402
2663 750
2663 2366
2663 1379
2664 1676
2664 1253
2665 1113
2665 2859
2665 1495
2666 481
2666 2688
2666 1966
2667 1653
2667 2079
2667 1587
2667 2063
2668 275
2668 2888
2669 2479
2669 1782
2669 593
2669 2036
2670 796
2670 2327
2670 1437
2671 563
2671 2591
2671 2980
2672 350
2672 2190
2672 2083
2673 1062
2673 2363
2673 2889
2674 112
2674 756
2674 1029
2674 438
2675 914
2675 850
2676 2253
2676 1360
2676 2121
2676 1937
2677 1223
2677 2603
2677 1875
2677 1227
2678 2829
2678 965
2678 2074
2679 1539
2679 615
2679 2681
2680 1134
2680 2020
2680 2794
2681 2679
2681 1815
2682 2295
2682 1893
2682 2379
2683 2047
2683 1517
2684 387
2684 1129
2685 617
2685 1625
2685 1679
2686 2334
2686 1643
2687 204
2687 662
2688 2666
2688 349
2689 487
2689 500
2689 1072
2689 1866
2690 1797
2690 2116
2690 130
2690 3041
2691 1891
2691 1636
2691 1691
2692 1369
2692 680
2692 1598
2692 438
2693 14
2693 293
2693 2175
2694 1579
2694 2437
2694 2324
2694 1180
2694 1967
2695 1025
2695 851
2695 163
2695 2798
2696 1589
2696 1044
2696 1564
2697 3053
2697 2280
2697 1318
2698 2217
2698 1585
2698 510
2698 1268
2698 1377
2699 97
2699 91
2700 730
2700 2016
2700 414
2700 454
2700 1761
2701 372
2701 1673
2702 153
2702 966
2702 194
2703 779
2703 633
2703 2576
2704 1127
2705 3158
2705 1296
2705 835
2705 1561
2705 1958
2706 2190
2706 2442
2707 918
2707 1352
2707 1587
2708 908
2708 1989
2708 527
2708 1226
2709 494
2709 2312
2709 2093
2709 2023
2709 1642
2710 938
2710 171
2711 237
2711 289
2712 783
2712 282
2712 2169
2713 2991
2714 3006
2714 21
2714 187
2714 2863
2715 1017
2715 2545
2715 1514
2715 436
2716 1665
2716 2799
2716 743
2716 2410
2717 2915
2717 1505
2717 972
2717 1605
2718 502
2718 1064
2719 1336
2719 2175
2719 108
2720 2535
2720 1051
2720 1887
2721 3033
2721 1005
2721 786
2721 917
2722 2007
2722 1881
2722 1741
2723 252
2723 1244
2723 2483
2723 2993
2724 1921
2724 2508
2725 743
2725 2799
2725 1320
2725 991
2726 2430
2726 1899
2726 3140
2726 64
2727 186
2727 2640
2727 273
2728 521
2728 2413
2728 2212
2729 2162
2729 829
2729 2344
2729 1183
2730 1277
2730 301
2730 2165
2730 342
2731 1492
2731 2170
2732 1853
2732 1059
2732 1409
2733 885
2733 2545
2733 820
2734 1044
2734 1781
2735 1285
2735 359
2735 2939
2735 2637
2736 393
2736 1485
2736 2023
2736 2889
2737 2338
2738 749
2738 1262
2738 618
2739 2289
2739 2386
2739 106
2739 2067
2740 1099
2740 2127
2740 1612
2740 2448
2741 2547
2741 156
2741 841
2742 1382
2742 124
2742 1286
2743 2945
2743 2045
2743 1235
2744 2226
2745 1766
2745 1676
2745 651
2746 795
2746 1647
2746 2780
2747 2438
2747 140
2747 929
2747 2055
2747 2898
2748 617
2748 2976
2748 619
2749 1330
2749 2954
2749 493
2749 2451
2750 3134
2750 208
2750 2767
2751 1893
2752 434
2752 2603
2752 609
2753 738
2753 3154
2754 44
2754 1067
2755 2203
2755 2443
2755 1738
2755 2598
2756 1103
2756 377
2757 2551
2757 1057
2758 778
2758 617
2759 1082
2759 3101
2759 2166
2760 304
2760 125
2761 1083
2761 1113
2762 1112
2762 1413
2762 1144
2762 754
2763 1527
2763 1890
2763 469
2763 2429
2764 913
2764 2554
2764 1162
2765 347
2765 1864
2765 2006
2765 2188
2766 1409
2766 3014
2767 1249
2767 1047
2767 2018
2767 2750
2768 1192
2768 2623
2768 1651
2768 2083
2769 1897
2769 1489
2770 2370
2770 2090
2770 771
2771 2207
2771 23
2771 1062
2771 690
2771 2653
2772 1247
2772 2268
2773 2170
2773 905
2774 3004
2774 2237
2775 201
2775 2341
2775 1821
2775 196
2776 888
2776 360
2776 2941
2777 2294
2777 529
2778 1131
2778 437
2779 2930
2779 398
2780 2529
2780 2746
2780 2812
2781 2492
2781 2204
2782 1482
2782 3112
2783 2389
2783 477
2783 1982
2783 1150
2784 1257
2784 2416
2784 2244
2784 2036
2785 310
2785 2208
2786 1441
2786 3003
2786 1338
2787 1581
2787 2918
2788 2554
2788 605
2788 2591
2789 282
2789 1474
2789 972
2790 1031
2790 584
2790 2457
2790 1728
2791 1704
2791 371
2791 3044
2791 2491
2792 472
2792 106
2793 1665
2793 1634
2793 729
2793 3039
2794 3027
2794 1325
2794 2680
2794 482
2795 686
2796 3130
2797 696
2797 2489
2797 2269
2797 633
2798 2695
2798 1025
2799 2716
2799 162
2799 2725
2799 1721
2800 1371
2800 310
2801 3134
2801 2601
2801 2949
2801 1470
2801 683
2802 60
2803 3
2803 635
2804 668
2804 416
2804 836
2805 3060
2805 2347
2805 1732
2806 947
2806 1075
2807 880
2807 1253
2807 3087
2807 1802
2808 2129
2808 2623
2808 2500
2808 1064
2809 198
2809 1663
2809 2358
2809 1280
2810 1888
2811 609
2811 939
2811 2318
2811 2471
2811 1061
2812 2887
2812 3066
2812 2780
2813 553
2813 2227
2813 2469
2813 1861
2814 826
2814 2165
2814 118
2815 394
2815 1934
2816 2281
2816 599
2816 1079
2816 1751
2817 1923
2817 2221
2817 504
2818 1813
2818 955
2819 673
2819 2859
2820 2636
2820 1162
2820 2092
2821 1089
2821 296
2821 715
2822 1320
2822 1731
2823 1728
2823 3027
2823 2421
2824 2323
2824 2359
2824 2376
2824 1319
2824 615
2825 1898
2825 150
2825 2276
2826 414
2826 2016
2826 1015
2827 2077
2827 2235
2827 1456
2827 1573
2828 405
2828 707
2828 1060
2828 793
2829 2678
2829 519
2829 2282
2829 3003
2830 760
2830 2184
2830 1295
2830 2469
2831 1541
2831 2861
2832 696
2832 889
2832 2576
2832 2309
2833 1956
2833 2911
2833 404
2834 1670
2834 1141
2835 1694
2835 3140
2835 387
2835 2430
2835 1012
2836 630
2836 1302
2836 758
2836 941
2837 1862
2837 2892
2837 3073
2838 2102
2838 1779
2838 3101
2838 1877
2839 2139
2840 1617
2840 1344
2841 2256
2841 269
2842 1224
2842 966
2842 988
2843 2464
2843 236
2843 2501
2844 2263
2844 1488
2844 1526
2844 315
2845 777
2846 84
2846 3082
2846 560
2847 1560
2847 2272
2847 553
2847 1238
2847 3094
2848 1650
2848 2628
2848 593
2848 87
2848 1187
2849 1397
2849 635
2849 812
2849 2589
2850 3007
2850 629
2851 308
2851 586
2852 644
2853 2156
2853 2047
2853 2954
2854 116
2854 1072
2854 575
2855 631
2855 1758
2856 111
2856 713
2857 1415
2858 2043
2858 306
2858 3068
2859 982
2859 2665
2859 2819
2859 2276
2859 1811
2860 2295
2860 1810
2861 2354
2861 2831
2861 1280
2862 2425
2862 103
2863 2640
2863 2647
2863 187
2863 2714
2864 2196
2864 3118
2865 2542
2865 2574
2865 585
2865 1345
2866 244
2866 174
2866 2247
2867 2106
2867 2896
2867 3044
2868 2297
2868 1241
2868 77
2869 289
2869 2968
2869 1883
2869 110
2870 383
2870 716
2871 1149
2871 2061
2871 1975
2871 2193
2871 1666
2871 861
2872 2971
2872 1865
2872 1713
2873 1089
2873 1284
2874 1334
2874 890
2874 2661
2874 167
2874 2910
2875 925
2875 508
2875 1726
2876 2275
2876 3074
2877 1729
2877 1742
2878 1058
2878 618
2879 559
2879 615
2879 1700
2880 2045
2880 2040
2881 1839
2881 1248
2881 419
2882 357
2882 3105
2882 612
2882 304
2883 32
2883 132
2883 889
2884 584
2884 1733
2884 780
2885 2040
2885 3104
2886 3025
2886 577
2887 246
2887 1798
2887 2812
2887 970
2888 2668
2888 3
2889 1005
2889 192
2889 2024
2889 2673
2889 2023
2889 2736
2890 1290
2890 1658
2890 527
2891 1917
2891 1773
2891 2300
2892 1222
2892 2837
2893 2365
2893 764
2893 396
2893 1969
2893 1135
2894 2390
2894 467
2894 1702
2895 432
2895 13
2896 52
2896 2867
2897 2013
2897 2292
2897 2072
2897 2052
2898 431
2898 511
2898 2747
2899 452
2900 2968
2900 2937
2900 296
2900 1748
2900 1514
2901 2361
2901 1151
2902 3152
2902 114
2902 1610
2903 1780
2903 1848
2904 2349
2904 592
2904 1284
2905 3073
2905 2919
2905 1675
2905 2405
2906 859
2906 1584
2907 3098
2907 1840
2907 750
2908 900
2908 1265
2908 695
2909 1521
2909 629
2910 2219
2910 174
2910 2874
2911 1981
2911 1727
2911 840
2911 2833
2912 1858
2912 594
2913 715
2913 264
2914 200
2914 1911
2915 2717
2915 3042
2915 2577
2916 2255
2916 2307
2917 1379
2917 750
2917 339
2918 2787
2918 2627
2918 3010
2919 2905
2919 2921
2919 1829
2919 2426
2919 2926
2920 1818
2920 1646
2920 109
2921 2919
2921 682
2921 126
2922 1686
2922 2170
2922 1432
2923 3123
2923 341
2923 2658
2923 1313
2923 1457
2924 738
2924 3113
2925 2114
2925 1905
2925 550
2925 1829
2926 2405
2926 1882
2926 2919
2926 734
2926 762
2927 1042
2927 1568
2927 1964
2928 1347
2928 3084
2928 2435
2929 405
2929 1870
2930 2779
2930 88
2931 1127
2931 2304
2931 449
2932 1367
2932 809
2932 2658
2933 1852
2933 315
2933 2351
2933 1398
2934 3077
2934 2103
2935 1147
2935 1946
2935 290
2936 26
2936 1776
2937 2440
2937 2900
2938 2593
2938 1542
2938 2249
2939 2735
2939 1285
2939 1900
2939 128
2939 1654
2940 3015
2940 190
2940 2415
2941 2505
2941 567
2941 3002
2941 2776
2941 1984
2942 1504
2942 1319
2943 2447
2943 2611
2943 2124
2944 361
2944 35
2944 2335
2945 2117
2945 2743
2945 2965
2945 1935
2946 847
2946 157
2946 1241
2947 2584
2947 346
2947 1424
2948 3016
2948 1416
2948 2396
2948 2460
2949 1470
2949 453
2949 2801
2950 305
2950 1256
2951 1760
2951 1360
2951 2331
2952 369
2952 1534
2953 279
2953 932
2953 1711
2954 1827
2954 3088
2954 2749
2954 2035
2954 2399
2954 2853
2955 1483
2955 3024
2955 2645
2956 1535
2956 2273
2956 410
2957 632
2957 407
2957 3151
2957 2564
2958 2342
2959 3043
2959 255
2959 2169
2960 3137
2960 472
2961 2301
2961 624
2961 2458
2961 515
2962 517
2962 2075
2962 674
2963 396
2963 1705
2963 1296
2964 2981
2964 3150
2964 2189
2965 3146
2965 2945
2965 1826
2966 2496
2966 348
2967 604
2967 2546
2967 332
2968 1073
2968 2900
2968 2869
2969 1357
2969 1597
2970 1767
2970 2554
2971 1907
2971 2872
2971 1555
2972 1567
2972 691
2972 920
2973 1359
2973 2233
2973 1675
2974 1766
2975 47
2975 1513
2976 205
2976 2748
2977 555
2977 165
2977 1231
2977 1798
2978 3000
2978 192
2978 525
2978 2050
2978 2451
2979 2575
2979 1154
2979 2577
2979 1155
2979 792
2980 1513
2980 2530
2980 457
2980 2671
2981 3067
2981 2964
2981 2510
2982 2264
2982 538
2983 989
2983 2033
2984 886
2984 2622
2984 1420
2984 3006
2985 90
2985 1690
2985 137
2986 1048
2986 2390
2986 2240
2987 1416
2987 979
2988 800
2988 1774
2989 1770
2989 1596
2990 434
2990 1518
2991 2713
2991 2265
2991 2577
2991 1154
2992 373
2992 333
2992 1968
2993 1963
2993 3092
2993 2723
2993 2482
2994 45
2994 245
2995 664
2995 443
2996 1505
2996 439
2996 450
2997 2379
2997 3059
2997 570
2998 2118
2999 1674
2999 1840
2999 2426
3000 2978
3001 2641
3001 704
3001 1135
3002 946
3002 2941
3003 1441
3003 2786
3003 2829
3003 2282
3004 1727
3004 2774
3004 1341
3005 3097
3006 1904
3006 2714
3006 2984
3007 2850
3007 1373
3008 1105
3008 1594
3009 927
3009 3028
3010 34
3010 2457
3010 2918
3011 1854
3011 940
3011 878
3012 871
3012 1510
3013 3086
3013 2070
3013 1711
3014 1795
3014 3056
3014 2374
3014 598
3014 2766
3015 2062
3015 2940
3016 2948
3016 2263
3016 315
3017 306
3017 1074
3017 1837
3018 1533
3018 767
3018 1167
3018 3080
3019 1709
3019 2030
3019 24
3020 2370
3020 1669
3021 1786
3021 759
3021 984
3022 2467
3022 1068
3023 1013
3023 3033
3024 483
3024 2342
3024 633
3024 2955
3025 2886
3025 461
3025 98
3026 2038
3026 2563
3027 1325
3027 2794
3027 2823
3028 1776
3028 3113
3028 738
3028 3009
3029 1724
3029 1290
3029 3122
3029 969
3030 1503
3030 551
3031 39
3031 1547
3031 1456
3032 213
3032 2406
3032 2174
3033 62
3033 3023
3033 2721
3034 2627
3034 1751
3035 2633
3035 2283
3035 814
3035 1030
3036 2095
3037 2531
3037 894
3037 2075
3037 334
3037 915
3037 1742
3038 774
3038 73
3039 743
3039 2793
3039 1971
3040 818
3040 1875
3040 1129
3041 66
3041 2690
3042 450
3042 400
3042 2915
3042 2577
3042 1736
3043 2959
3043 865
3044 2867
3044 2491
3044 737
3044 2791
3045 618
3045 1807
3046 1517
3046 1182
3046 2110
3047 2355
3047 533
3047 284
3048 1295
3049 1333
3049 2113
3050 443
3050 1317
3051 831
3051 250
3051 855
3051 980
3052 1094
3052 1025
3052 690
3053 2697
3053 130
3053 1928
3054 1584
3054 2533
3054 2638
3054 1226
3055 96
3055 380
3056 254
3056 3014
3056 950
3057 2400
3057 2434
3057 1756
3057 2138
3058 465
3058 2054
3058 2458
3058 526
3059 154
3059 2653
3059 2997
3060 2805
3060 1396
3060 1376
3060 3062
3061 1888
3061 1317
3062 173
3062 3060
3062 1732
3062 2662
3063 2111
3063 1776
3064 851
3064 192
3065 2031
3065 1497
3065 296
3065 1000
3066 1360
3066 2488
3066 2120
3066 1198
3066 2812
3067 61
3067 2981
3068 2639
3068 1592
3068 2858
3069 860
3069 2329
3069 2612
3070 179
3070 976
3071 287
3072 1834
3072 3106
3073 2905
3073 1996
3073 2837
3074 2876
3074 410
3074 1380
3075 1637
3075 1158
3075 1961
3076 1214
3076 765
3076 1125
3077 488
3077 2934
3077 1685
3078 705
3078 1909
3079 1794
3079 1174
3080 2501
3080 2449
3080 1167
3080 3018
3081 1673
3081 1051
3081 2398
3082 1913
3082 1437
3082 2846
3083 2439
3083 1331
3084 2928
3085 2377
3085 1714
3086 854
3086 3013
3086 393
3086 786
3087 2807
3087 1802
3087 1449
3087 1605
3088 249
3088 2035
3088 2954
3088 1156
3089 24
3089 349
3090 2255
3090 1621
3090 196
3091 571
3092 611
3092 2321
3092 2993
3093 1597
3093 1945
3093 1850
3094 1747
3094 1852
3094 2847
3095 1382
3095 1593
3095 1110
3096 2113
3096 961
3096 617
3096 1683
3096 1203
3097 2176
3097 3005
3098 168
3098 2907
3098 2059
3098 1453
3099 2118
3099 1588
3100 604
3100 596
3100 2296
3101 530
3101 1082
3101 2759
3101 2838
3101 2102
3102 2166
3102 2285
3102 239
3102 2330
3102 1304
3103 2473
3103 131
3104 1645
3104 175
3104 2885
3105 1512
3105 2882
3105 1394
3106 3072
3106 1470
3106 1941
3107 1257
3107 1793
3107 1661
3107 1042
3108 1066
3108 1948
3108 1903
3108 1796
3109 1016
3109 2579
3109 1272
3110 1846
3110 825
3110 1166
3111 1739
3111 528
3111 2186
3111 734
3112 152
3112 2447
3112 2782
3113 2254
3113 475
3113 3028
3113 2924
3114 1979
3114 1198
3114 1251
3114 2065
3115 1621
3115 1839
3115 2625
3116 2614
3116 2335
3116 3138
3117 595
3117 931
3118 2864
3118 407
3118 215
3118 2564
3119 602
3119 1342
3120 1021
3120 579
3120 1728
3121 730
3121 2092
3121 709
3122 527
3122 3029
3122 1548
3123 1198
3123 2488
3123 2923
3123 1408
3124 622
3124 1529
3124 1035
3125 705
3125 1111
3125 2030
3126 2081
3126 453
3126 2066
3127 1922
3127 1999
3127 1548
3128 1445
3128 2059
3128 66
3129 249
3129 1330
3130 410
3130 2796
3130 58
3131 269
3132 210
3132 1748
3133 159
3133 907
3133 24
3134 2801
3134 2750
3134 2601
3135 2546
3135 332
3135 1565
3136 1898
3136 1952
3137 1088
3137 2960
3137 1648
3137 1633
3138 1792
3138 3116
3139 1208
3139 1498
3140 1138
3140 1694
3140 2835
3140 2726
3141 1771
3141 2644
3141 2635
3142 271
3142 827
3142 2034
3143 1109
3143 661
3143 3157
3144 1132
3144 760
3145 2154
3145 1212
3145 1318
3146 2965
3146 734
3147 1762
3147 2135
3147 2201
3148 1817
3148 2287
3149 2124
3149 1606
3149 2158
3150 2964
3150 491
3151 2612
3151 931
3151 2957
3152 2609
3152 595
3152 2902
3152 2562
3153 843
3153 179
3153 2093
3154 2753
3154 951
3154 2019
3155 2367
3155 1099
3156 1654
3156 745
3157 2351
3157 2541
3157 3143
3157 413
3158 29
3158 1714
3158 2705
3159 645
