0 9
0 10
1 43
1 8
2 34
2 56
2 52
2 83
3 33
4 49
4 17
5 36
5 56
6 20
6 34
6 86
7 69
7 14
8 1
8 31
8 18
9 0
9 45
9 29
10 0
10 77
10 52
11 51
12 85
12 52
12 50
13 38
13 29
13 35
14 7
14 74
15 39
15 92
15 46
16 47
16 94
16 50
17 49
17 4
17 91
18 81
18 8
19 22
19 54
19 27
20 6
20 37
21 69
21 83
21 84
21 79
22 19
22 58
22 84
23 53
23 73
23 62
24 60
24 63
24 90
25 65
26 54
26 73
27 42
27 53
27 43
27 54
27 19
28 96
28 46
29 13
29 48
29 9
30 41
30 83
30 79
31 8
31 59
32 49
32 51
33 3
33 45
33 80
34 2
34 6
34 42
35 77
35 70
35 13
36 5
36 74
36 93
37 63
37 95
37 20
37 90
38 13
38 97
39 15
39 47
40 61
40 89
40 76
41 30
41 65
41 44
42 34
42 27
42 72
42 59
42 99
43 1
43 27
44 41
44 94
44 64
45 9
45 33
46 85
46 60
46 28
46 92
46 15
47 16
47 39
48 29
49 32
49 4
49 17
49 71
50 16
50 12
51 11
51 88
51 32
52 85
52 12
52 10
52 63
52 2
53 23
53 67
53 27
54 26
54 19
54 27
54 82
55 75
55 89
56 80
56 68
56 2
56 5
57 65
57 79
58 22
58 84
58 79
59 72
59 31
59 74
59 42
60 46
60 85
60 24
60 96
61 40
61 78
62 95
62 23
62 73
63 37
63 66
63 77
63 24
63 52
64 87
64 44
65 41
65 57
65 25
66 91
66 77
66 63
67 83
67 84
67 53
68 94
68 56
69 7
69 21
70 97
70 35
71 49
71 86
72 59
72 93
72 42
73 23
73 62
73 26
74 14
74 59
74 36
75 55
75 99
75 76
76 40
76 82
76 75
77 35
77 10
77 66
77 63
78 88
78 61
79 87
79 30
79 57
79 21
79 58
80 33
80 56
81 18
81 99
82 76
82 54
83 67
83 21
83 30
83 2
84 67
84 21
84 58
84 22
85 52
85 12
85 46
85 60
86 71
86 88
86 6
87 79
87 64
88 78
88 51
88 98
88 86
88 95
89 55
89 40
90 37
90 24
91 97
91 66
91 17
92 15
92 46
93 72
93 36
94 16
94 68
94 44
95 62
95 37
95 88
96 28
96 60
97 91
97 70
97 38
98 88
99 75
99 81
99 42
