0 772
0 167
0 440
1 43
1 8
2 486
2 382
2 417
3 635
3 275
4 49
4 343
4 526
5 852
5 945
6 20
6 213
6 603
7 345
7 180
8 1
8 972
8 316
9 772
9 912
9 678
10 319
10 166
10 234
11 614
12 520
12 85
13 38
13 226
13 432
14 108
14 172
14 293
15 755
15 39
15 548
15 232
16 556
16 47
16 94
17 421
17 105
17 312
18 170
18 81
18 316
18 877
19 858
19 397
19 229
20 6
20 326
20 260
20 531
20 339
21 186
21 187
21 184
21 928
22 206
22 857
22 752
22 567
22 320
23 850
23 952
23 53
24 349
24 159
24 804
25 729
25 825
26 738
26 347
27 551
27 941
27 504
27 842
28 204
28 198
28 733
29 803
29 592
30 111
30 41
31 307
31 456
32 994
32 132
33 243
33 409
33 223
34 538
34 584
35 361
35 873
36 303
36 412
36 318
37 727
37 670
37 785
38 13
39 755
39 15
39 685
40 276
40 903
40 800
41 30
41 861
41 65
42 322
42 579
43 1
43 323
44 221
44 270
44 634
44 545
45 245
45 772
46 464
46 918
46 992
46 281
47 789
47 16
48 592
49 949
49 994
49 4
50 441
50 351
50 556
51 779
51 633
51 113
52 766
52 737
52 246
52 340
52 527
53 834
53 758
53 23
53 962
54 423
54 475
54 738
54 266
55 557
55 75
55 748
56 424
56 576
56 965
57 509
57 452
58 946
58 410
58 360
59 830
59 770
59 920
59 761
59 456
60 838
60 804
60 983
61 777
61 697
61 477
61 824
62 630
62 786
62 649
62 103
63 581
63 926
63 66
64 993
65 41
65 509
65 288
66 130
66 661
66 882
66 869
66 63
67 263
67 83
67 84
67 468
68 350
68 389
68 502
69 996
69 145
69 273
70 873
70 171
71 714
71 209
72 761
72 920
72 324
72 400
73 774
73 525
74 304
74 807
75 55
75 141
75 118
75 748
75 99
76 675
76 607
76 173
77 704
77 138
77 361
78 653
78 544
78 528
78 477
79 602
79 87
80 199
80 810
80 553
81 282
81 18
81 972
82 707
83 182
83 67
83 453
83 713
84 886
84 67
85 737
85 918
85 12
86 734
86 712
86 724
86 339
86 933
87 79
87 484
87 802
87 272
88 461
88 115
88 398
89 537
90 403
90 252
90 137
90 574
91 130
91 479
91 97
92 636
92 659
92 534
92 449
93 463
93 608
94 378
94 16
94 565
95 144
95 604
95 637
95 425
96 380
96 846
96 973
96 745
97 91
97 873
97 757
98 577
98 671
99 102
99 255
99 445
99 75
100 426
100 435
100 669
100 212
101 202
102 99
102 255
102 589
103 134
103 914
103 917
103 62
104 594
104 129
104 315
105 446
105 17
105 720
106 937
106 472
107 336
107 284
108 14
109 571
109 895
109 217
109 655
109 788
110 376
110 146
110 200
110 289
111 30
111 713
111 955
112 756
112 317
113 211
113 51
113 256
113 716
114 285
114 677
114 482
114 261
115 88
115 256
115 734
116 411
116 575
116 487
116 762
117 168
117 339
117 762
118 655
118 75
118 748
119 934
119 757
120 985
120 382
120 538
121 237
122 158
122 890
122 442
123 813
123 583
124 280
124 782
124 286
125 612
125 304
125 787
126 889
126 487
126 762
127 976
127 267
127 727
127 179
128 242
128 416
128 973
128 745
129 413
129 315
129 529
129 104
130 91
130 938
130 66
131 885
131 223
132 32
132 696
132 889
133 552
133 802
134 501
134 914
134 103
135 982
135 594
135 404
136 883
136 180
136 725
136 373
137 356
137 90
137 664
138 77
138 471
139 641
139 865
140 849
140 155
140 793
140 929
141 954
141 385
141 75
142 647
142 959
142 596
142 778
143 522
143 317
144 95
144 901
144 856
145 69
145 798
146 695
146 110
147 467
147 537
147 173
148 576
148 290
149 871
149 937
149 638
150 331
150 199
150 290
151 266
151 842
151 503
151 306
152 884
152 945
152 412
152 794
153 966
153 177
153 194
153 251
154 585
154 754
154 690
154 192
155 238
155 793
155 140
155 959
156 968
156 460
157 590
157 847
158 122
158 625
159 963
159 24
160 165
160 555
160 531
161 352
161 767
161 594
162 474
162 743
162 729
162 524
163 851
163 489
163 335
163 690
164 987
164 634
164 600
165 160
165 833
165 623
166 415
166 10
166 795
167 0
167 820
168 869
168 117
168 750
169 753
169 327
169 429
170 295
170 18
170 972
171 938
171 70
171 618
172 14
172 612
172 273
172 725
172 357
173 572
173 76
173 147
174 440
174 845
175 919
175 260
175 326
176 871
176 602
177 153
177 194
177 377
177 463
177 401
178 398
178 544
179 843
179 668
179 127
179 836
180 7
180 136
181 568
181 747
181 830
182 886
182 83
182 263
183 435
183 672
183 353
184 996
184 21
184 187
185 575
185 901
185 363
185 790
186 21
186 796
186 768
186 293
187 21
187 184
187 554
187 955
187 768
188 395
188 227
188 714
188 459
188 483
189 700
189 844
190 975
190 585
191 874
191 997
191 962
192 851
192 154
192 620
192 393
193 740
193 876
193 258
194 763
194 153
194 177
195 721
195 678
195 835
195 440
196 201
196 811
197 909
198 334
198 806
198 28
198 915
198 258
199 80
199 150
199 840
199 553
200 875
200 110
200 896
201 419
201 196
201 270
202 101
202 224
202 663
203 428
203 582
203 805
203 969
204 28
204 662
205 675
205 617
206 22
206 654
207 717
207 270
208 558
209 227
209 71
210 257
210 296
210 645
211 614
211 113
211 483
212 680
212 318
212 100
212 756
213 6
213 964
213 623
214 870
214 691
214 881
215 736
215 632
215 828
216 660
216 977
216 872
217 613
217 280
217 109
218 249
218 493
218 310
219 251
219 966
220 261
220 922
220 504
220 390
221 330
221 44
222 723
222 288
222 545
223 33
223 817
223 131
224 202
224 709
224 663
225 999
225 940
225 359
226 13
226 693
227 209
227 459
227 714
227 188
227 734
228 835
228 864
229 667
229 511
229 898
229 19
230 853
230 599
231 318
231 369
231 692
232 499
232 891
232 15
233 524
233 517
234 379
234 10
235 596
235 637
236 298
236 977
236 767
237 943
237 289
237 810
237 121
238 155
238 503
239 597
239 956
239 926
239 481
240 260
240 267
240 462
240 339
241 844
241 739
242 967
242 128
242 406
243 817
243 635
243 33
244 845
244 864
244 867
244 910
245 875
245 935
245 45
246 925
246 365
246 52
247 541
247 249
247 364
248 790
248 957
248 356
249 218
249 247
249 359
250 831
250 855
250 927
250 306
251 485
251 219
251 702
251 153
252 611
252 90
252 523
253 656
253 543
254 598
254 668
254 950
255 102
255 99
255 865
256 726
256 113
256 115
257 542
257 210
257 436
258 915
258 198
258 281
258 193
259 910
259 627
259 581
260 240
260 175
260 20
261 277
261 220
261 114
261 482
262 404
262 344
263 67
263 182
263 989
263 952
264 402
264 832
264 715
265 430
266 958
266 151
266 688
266 54
267 127
267 531
267 240
267 727
267 978
268 532
268 933
269 372
269 745
270 207
270 44
270 201
270 710
271 827
271 346
271 888
272 797
272 593
272 802
272 87
273 612
273 172
273 69
274 375
274 371
275 739
275 3
276 40
276 778
277 506
277 261
277 603
278 580
278 524
279 932
279 523
279 574
279 363
280 217
280 124
280 968
280 815
281 448
281 258
281 46
282 392
282 81
282 742
283 648
283 796
283 955
283 768
284 107
284 533
284 781
285 114
285 322
286 566
286 666
286 839
286 124
287 382
287 853
287 538
288 65
288 222
288 729
289 237
289 110
290 148
290 150
290 553
291 698
291 939
291 669
292 842
292 959
292 736
293 320
293 14
293 186
294 319
295 170
295 929
296 715
296 210
297 807
297 317
298 381
298 401
298 872
298 236
299 911
299 892
299 918
300 924
300 444
300 581
300 341
301 828
301 655
301 879
301 342
301 826
302 308
302 606
302 546
303 36
303 536
304 74
304 899
304 125
305 454
305 358
305 751
305 548
306 842
306 151
306 630
306 250
306 941
306 951
307 31
307 420
308 586
308 302
309 322
309 384
309 595
310 406
310 218
311 888
311 796
311 320
312 949
312 930
312 17
313 537
313 748
313 701
313 386
314 620
314 570
314 543
315 921
315 129
315 658
315 104
315 784
316 490
316 8
316 18
317 297
317 756
317 112
317 568
317 143
318 231
318 212
318 36
319 294
319 10
320 293
320 311
320 22
320 516
321 963
321 705
322 42
322 309
322 285
323 43
323 942
323 880
324 566
324 72
324 691
325 844
325 974
326 603
326 531
326 175
326 20
326 923
327 800
327 169
328 681
328 665
328 870
329 417
329 519
329 553
330 221
330 419
331 673
331 150
332 604
332 399
332 824
332 711
333 408
333 725
333 373
334 198
335 163
335 501
336 107
336 782
336 507
337 646
337 631
338 427
338 396
338 803
339 117
339 240
339 20
339 86
340 833
340 469
340 809
340 52
341 300
341 833
342 799
342 753
342 301
343 4
343 682
343 720
343 624
344 676
344 262
344 715
345 7
345 798
345 797
346 638
346 271
346 827
347 476
347 26
347 543
348 376
348 912
349 24
349 967
349 481
350 765
350 540
350 68
351 358
351 50
351 478
352 161
352 763
352 988
353 798
353 183
353 884
353 650
354 907
354 823
354 368
355 995
355 503
355 688
356 932
356 137
356 629
356 248
357 883
357 725
357 612
357 172
358 351
358 305
358 556
359 225
359 719
359 249
359 406
360 601
360 888
360 567
360 58
361 35
361 77
362 497
362 780
362 584
363 785
363 494
363 411
363 185
363 279
364 999
364 878
364 247
365 862
365 859
365 246
366 865
366 589
366 407
367 379
367 721
367 396
368 354
368 705
368 371
369 377
369 231
370 698
370 522
371 274
371 368
371 892
372 587
372 940
372 269
373 136
373 725
373 333
374 636
375 274
375 867
376 433
376 110
376 348
376 935
377 569
377 177
377 369
378 94
378 735
379 234
379 367
380 96
380 992
381 298
382 287
382 120
382 2
383 716
383 521
384 309
384 504
385 445
385 141
386 652
386 903
386 313
387 518
387 791
387 650
388 839
388 684
388 702
389 422
389 68
390 722
390 220
391 684
391 742
391 770
392 282
392 783
393 854
393 493
393 192
394 712
394 429
395 496
395 188
396 415
396 367
396 338
396 764
396 803
397 752
397 19
398 178
398 88
399 824
399 332
400 848
400 450
400 72
401 298
401 177
401 763
402 264
402 413
403 90
404 262
404 135
405 707
405 793
405 995
406 611
406 310
406 359
406 242
407 632
407 828
407 366
408 333
409 33
409 896
409 553
410 58
410 455
410 610
411 116
411 363
412 426
412 36
412 152
413 129
413 934
413 402
414 908
414 628
414 534
414 730
414 449
415 166
415 396
415 658
416 128
416 718
416 836
417 329
417 2
418 750
418 623
418 964
418 960
419 330
419 201
419 600
419 811
420 490
420 307
421 17
421 526
422 808
422 389
423 54
423 688
423 573
424 576
424 56
425 922
425 978
425 95
426 412
426 100
427 900
427 338
428 646
428 203
429 394
429 169
429 655
429 776
430 265
430 620
431 942
431 511
432 13
432 803
433 376
433 679
433 436
434 558
434 519
434 609
435 183
435 672
435 807
435 100
436 645
436 257
436 433
437 640
437 562
437 981
437 687
437 906
438 756
438 770
439 651
439 450
440 845
440 174
440 0
440 195
441 50
441 740
441 829
441 674
442 812
442 122
443 574
443 664
444 300
444 809
444 905
445 385
445 99
445 877
446 897
446 105
446 550
447 728
447 449
447 663
448 281
448 846
448 535
449 447
449 728
449 92
449 414
450 439
450 830
450 747
450 400
450 972
451 521
452 468
452 814
452 57
453 554
453 83
454 859
454 305
454 908
454 730
455 827
455 468
455 610
455 689
455 410
456 31
456 59
456 899
457 642
457 540
458 977
459 227
459 696
459 188
460 702
460 988
460 156
461 88
462 762
462 657
462 240
463 93
463 569
463 177
464 46
464 891
464 915
464 646
465 624
465 773
465 526
466 631
466 662
466 562
466 906
467 694
467 607
467 147
468 452
468 455
468 67
468 952
469 708
469 555
469 340
470 726
470 496
470 653
471 138
471 864
472 601
472 106
473 880
474 162
474 909
474 829
475 54
475 578
476 347
476 573
477 936
477 947
477 61
477 824
477 78
478 821
478 351
479 91
479 550
480 605
480 811
481 349
481 611
481 239
482 114
482 584
482 261
483 633
483 211
483 188
484 837
484 87
485 684
485 251
486 2
486 683
486 985
487 703
487 500
487 116
487 126
488 692
488 561
489 163
489 774
490 420
490 986
490 316
491 694
491 617
491 777
491 619
492 517
492 811
493 393
493 741
493 218
494 856
494 363
495 733
496 395
496 470
497 579
497 362
498 607
498 707
498 793
499 863
499 232
500 703
500 487
500 575
501 134
501 335
502 818
502 887
502 68
503 238
503 151
503 959
503 688
503 355
504 220
504 384
504 27
505 784
505 673
505 767
506 277
506 644
507 780
507 584
507 336
507 881
508 925
508 739
508 628
508 730
508 625
509 57
509 65
510 927
510 699
510 850
511 898
511 229
511 431
512 619
512 769
513 656
513 857
513 732
514 801
515 671
515 624
515 716
516 857
516 320
517 492
517 674
517 233
518 387
518 593
518 802
518 744
519 539
519 434
519 329
520 639
520 12
520 740
521 451
521 773
521 383
522 370
522 143
522 870
523 741
523 279
523 252
524 233
524 278
524 162
524 743
525 73
525 620
526 720
526 421
526 465
526 4
527 908
527 969
527 52
528 776
528 78
529 724
529 532
529 781
529 129
530 627
530 704
531 326
531 267
531 976
531 20
531 160
532 268
532 960
532 529
532 750
533 284
533 921
534 990
534 863
534 92
534 414
535 973
535 448
535 846
535 587
536 561
536 945
536 303
537 89
537 313
537 147
538 34
538 599
538 287
538 120
539 622
539 519
539 887
540 457
540 563
540 735
540 350
541 975
541 247
542 257
542 592
543 253
543 570
543 314
543 347
544 178
544 78
544 776
545 837
545 222
545 44
546 749
546 720
546 615
546 302
547 874
547 941
547 922
548 775
548 15
548 305
549 997
549 722
549 928
549 886
550 446
550 479
551 27
551 651
551 898
552 133
553 746
553 290
553 199
553 80
553 409
553 329
553 658
554 453
554 187
555 160
555 469
556 16
556 358
556 50
557 55
558 208
558 434
558 818
559 615
559 682
560 654
560 699
560 564
561 536
561 488
561 692
562 640
562 437
562 466
563 540
563 605
564 997
564 886
564 560
565 94
565 583
565 600
566 324
566 286
566 759
567 946
567 689
567 732
567 857
567 22
567 360
568 181
568 899
568 787
568 317
569 463
569 377
569 680
570 754
570 314
570 543
571 109
571 933
572 954
572 588
572 173
573 476
573 423
574 443
574 90
574 279
575 185
575 116
575 500
576 424
576 56
576 148
577 716
577 621
577 98
578 927
578 475
579 497
579 848
579 42
580 876
580 278
581 300
581 63
581 259
582 801
582 203
583 123
583 634
583 565
583 818
584 362
584 507
584 482
584 34
585 154
585 953
585 190
585 731
586 597
586 308
587 372
587 822
587 535
588 572
588 954
589 826
589 102
589 366
590 157
590 882
591 936
591 621
592 29
592 48
592 542
592 902
593 768
593 272
593 518
594 135
594 104
594 161
595 931
595 309
596 235
596 604
596 142
597 586
597 629
597 239
598 254
598 708
599 964
599 538
599 230
599 921
600 419
600 634
600 164
600 565
601 360
601 472
602 79
602 176
602 648
602 638
603 326
603 919
603 277
603 985
603 6
604 596
604 332
604 95
605 913
605 755
605 563
605 480
606 773
606 302
607 76
607 498
607 467
607 619
608 666
608 93
609 939
609 434
610 455
610 410
611 252
611 406
611 481
612 125
612 273
612 172
612 357
613 217
614 11
614 211
615 559
615 546
616 854
616 957
617 778
617 205
617 491
618 749
618 171
619 512
619 647
619 607
619 491
620 430
620 314
620 754
620 192
620 525
621 577
621 591
622 539
622 965
623 418
623 658
623 853
623 213
623 165
624 465
624 515
624 889
624 343
625 867
625 158
625 508
626 681
626 979
626 939
627 259
627 705
627 530
628 414
628 969
628 508
629 597
629 664
629 356
629 703
629 790
630 62
630 758
630 980
630 306
630 941
631 466
631 337
632 904
632 407
632 931
632 215
633 51
633 696
633 483
634 164
634 723
634 583
634 600
634 44
635 812
635 3
635 243
636 92
636 374
636 659
637 649
637 235
637 95
638 346
638 602
638 149
639 821
639 520
639 766
639 950
640 562
640 437
641 139
641 815
642 457
642 765
643 742
643 986
644 506
644 919
645 436
645 210
646 428
646 337
646 464
647 619
647 142
648 283
648 602
649 637
649 866
649 62
650 794
650 387
650 353
651 439
651 880
651 787
651 551
652 777
652 386
653 78
653 470
654 560
654 206
654 689
655 301
655 826
655 118
655 429
655 788
655 109
656 513
656 253
657 819
657 926
657 462
658 623
658 315
658 415
658 553
659 636
659 92
659 863
659 906
660 977
660 216
661 764
661 693
661 66
662 806
662 204
662 466
663 447
663 202
663 224
664 443
664 137
664 629
665 984
665 881
665 328
666 608
666 286
667 229
667 898
667 699
668 254
668 771
668 179
668 836
669 672
669 100
669 291
669 884
670 956
670 37
670 785
670 905
670 819
671 515
671 703
671 98
672 669
672 435
672 183
673 331
673 505
673 840
674 687
674 894
674 517
674 441
675 76
675 205
676 344
676 902
677 114
677 787
678 195
678 9
679 433
679 686
680 212
680 569
680 691
681 328
681 626
682 343
682 559
683 486
683 979
684 485
684 388
684 391
685 789
685 39
686 885
686 679
686 912
687 674
687 891
687 437
688 423
688 266
688 503
688 355
689 567
689 654
689 732
689 888
689 455
690 163
690 154
691 214
691 920
691 324
691 680
692 488
692 561
692 231
693 757
693 226
693 661
694 467
694 491
695 146
695 900
695 810
696 459
696 132
696 633
697 61
697 903
697 778
698 370
698 291
699 667
699 510
699 560
699 941
700 189
700 739
700 730
701 903
701 776
701 313
702 460
702 388
702 251
702 988
703 487
703 500
703 671
703 629
704 77
704 847
704 910
704 530
705 809
705 321
705 368
705 627
706 715
706 832
706 810
707 82
707 405
707 498
708 469
708 976
708 598
709 224
709 730
710 987
710 791
710 270
711 998
711 332
712 788
712 394
712 86
713 111
713 83
713 989
714 930
714 227
714 188
714 71
715 706
715 296
715 344
715 264
716 577
716 383
716 113
716 515
717 207
717 744
717 993
717 791
718 907
718 804
718 416
719 741
719 944
719 359
720 526
720 343
720 105
720 749
720 546
721 195
721 367
721 845
722 549
722 390
722 787
723 861
723 222
723 829
723 634
724 529
724 86
725 333
725 136
725 373
725 357
725 172
726 256
726 470
727 37
727 267
727 127
728 801
728 447
728 449
729 25
729 162
729 288
730 700
730 709
730 508
730 414
730 454
731 952
731 825
731 585
731 878
732 567
732 689
732 513
733 495
733 28
733 846
734 86
734 227
734 115
735 540
735 378
736 879
736 215
736 292
737 85
737 823
737 52
738 26
738 54
738 951
739 275
739 241
739 700
739 508
740 193
740 991
740 441
740 520
741 523
741 719
741 493
741 854
742 643
742 282
742 761
742 391
743 162
743 991
743 524
744 717
744 837
744 802
744 518
745 269
745 96
745 128
746 893
746 553
746 970
747 181
747 450
747 830
748 313
748 961
748 800
748 55
748 118
748 75
749 546
749 720
749 618
749 897
750 418
750 168
750 532
751 862
751 305
752 397
752 22
753 169
753 998
753 342
754 953
754 154
754 570
754 620
755 39
755 15
755 605
756 112
756 438
756 317
756 212
757 693
757 119
757 97
758 978
758 53
758 630
759 566
759 984
760 896
760 943
761 72
761 59
761 742
762 462
762 117
762 116
762 126
763 194
763 401
763 352
764 661
764 882
764 396
765 350
765 642
766 639
766 52
767 161
767 236
767 505
768 797
768 593
768 955
768 283
768 186
768 187
769 512
770 438
770 920
770 59
770 391
771 668
771 991
771 822
772 9
772 0
772 45
773 521
773 465
773 606
774 489
774 73
775 548
775 805
776 528
776 701
776 544
776 429
777 652
777 61
777 491
778 617
778 276
778 697
778 142
779 51
780 362
780 507
780 895
780 815
781 284
781 948
781 529
782 336
782 933
782 124
783 792
783 392
784 505
784 315
785 363
785 37
785 670
786 854
786 856
786 62
787 651
787 568
787 722
787 125
787 677
788 712
788 655
788 109
788 895
789 685
789 47
790 248
790 185
790 629
791 710
791 387
791 717
792 865
792 783
793 155
793 405
793 140
793 498
794 650
794 152
795 166
795 867
796 283
796 955
796 186
796 311
797 768
797 272
797 345
798 345
798 145
798 353
799 849
799 342
800 327
800 961
800 40
800 748
801 728
801 514
801 582
802 133
802 272
802 87
802 518
802 744
803 29
803 432
803 338
803 396
804 983
804 718
804 60
804 24
805 908
805 775
805 863
805 891
805 203
806 198
806 662
807 297
807 435
807 74
808 422
808 987
809 705
809 340
809 444
810 237
810 695
810 706
810 80
811 492
811 419
811 196
811 480
812 442
812 635
813 123
813 989
814 452
814 825
815 280
815 641
815 839
815 780
816 849
816 959
817 243
817 223
818 502
818 558
818 884
818 583
819 657
819 926
819 670
820 890
820 167
821 639
821 478
822 587
822 878
822 771
823 354
823 737
824 477
824 61
824 399
824 332
825 25
825 814
825 731
826 589
826 301
826 655
827 271
827 346
827 455
828 301
828 407
828 879
828 215
828 998
829 723
829 474
829 441
830 59
830 450
830 747
830 181
831 250
831 980
832 264
832 706
832 900
833 340
833 165
833 341
834 53
834 843
835 228
835 195
836 944
836 416
836 668
836 179
836 843
837 545
837 744
837 484
838 60
838 911
838 973
839 388
839 286
839 815
840 982
840 673
840 199
841 968
841 868
841 948
842 292
842 151
842 306
842 27
843 179
843 836
843 834
844 241
844 189
844 325
845 440
845 174
845 244
845 721
846 448
846 733
846 96
846 535
847 157
847 704
848 579
848 400
849 816
849 799
849 140
850 914
850 23
850 980
850 510
851 163
851 192
852 945
852 5
853 230
853 287
853 623
854 393
854 616
854 786
854 741
854 932
855 250
855 914
856 494
856 786
856 144
857 22
857 516
857 567
857 513
858 19
859 454
859 365
860 895
861 41
861 723
862 365
862 751
862 970
863 499
863 659
863 534
863 805
864 228
864 471
864 244
865 792
865 366
865 255
865 139
866 917
866 649
866 951
867 910
867 625
867 244
867 795
867 375
868 841
869 168
869 66
870 214
870 328
870 522
871 176
871 149
872 298
872 216
873 70
873 97
873 35
874 547
874 191
875 245
875 200
876 580
876 193
877 18
877 929
877 445
877 954
878 364
878 822
878 731
879 736
879 828
879 301
880 473
880 651
880 323
880 942
881 665
881 214
881 507
882 590
882 764
882 66
883 136
883 357
884 152
884 669
884 353
884 818
885 131
885 686
886 84
886 182
886 928
886 549
886 564
887 539
887 502
888 311
888 360
888 689
888 271
889 132
889 126
889 624
890 820
890 122
891 906
891 232
891 687
891 464
891 805
892 983
892 371
892 911
892 299
893 974
893 746
893 965
894 981
894 915
894 674
895 109
895 780
895 860
895 788
896 760
896 200
896 409
897 446
897 749
898 958
898 511
898 667
898 229
898 551
899 304
899 568
899 456
900 427
900 695
900 832
901 144
901 185
901 957
902 676
902 592
903 40
903 701
903 697
903 386
904 632
904 919
905 670
905 444
906 891
906 659
906 437
906 466
907 718
907 354
908 414
908 527
908 805
908 454
909 197
909 474
909 989
910 259
910 867
910 704
910 244
911 299
911 838
911 992
911 892
912 9
912 348
912 686
913 990
913 605
914 134
914 103
914 855
914 850
915 198
915 258
915 894
915 464
916 954
917 866
917 103
918 85
918 46
918 299
918 969
919 175
919 644
919 603
919 904
920 72
920 691
920 770
920 59
921 960
921 533
921 315
921 599
922 425
922 220
922 547
922 941
923 976
923 326
923 989
924 300
925 246
925 508
926 819
926 657
926 63
926 239
927 578
927 250
927 510
928 886
928 21
928 549
929 295
929 877
929 140
930 312
930 714
931 595
931 632
932 356
932 279
932 854
933 571
933 782
933 268
933 86
934 119
934 413
935 245
935 376
936 947
936 477
936 591
937 149
937 106
938 171
938 130
939 291
939 626
939 609
940 372
940 225
941 27
941 547
941 922
941 699
941 306
941 630
942 431
942 323
942 880
943 237
943 760
944 836
944 719
944 999
945 852
945 5
945 536
945 152
946 58
946 567
947 936
947 477
948 841
948 781
949 49
949 312
950 639
950 254
951 738
951 866
951 971
951 306
952 23
952 731
952 468
952 263
953 754
953 585
953 975
954 572
954 141
954 916
954 588
954 877
955 283
955 796
955 187
955 768
955 111
956 670
956 239
957 248
957 901
957 616
958 898
958 266
959 142
959 292
959 971
959 503
959 155
959 816
960 921
960 532
960 418
961 800
961 748
962 191
962 53
963 321
963 159
964 599
964 213
964 418
965 56
965 622
965 893
966 153
966 988
966 219
967 242
967 349
968 156
968 841
968 280
969 527
969 628
969 918
969 203
970 862
970 746
971 959
971 951
972 8
972 81
972 170
972 450
973 535
973 96
973 128
973 838
974 893
974 325
975 190
975 541
975 953
976 708
976 923
976 127
976 531
977 458
977 660
977 216
977 236
978 758
978 425
978 267
979 626
979 683
980 831
980 850
980 630
981 894
981 437
982 840
982 135
983 892
983 804
983 60
984 665
984 759
985 120
985 486
985 603
986 490
986 643
987 710
987 808
987 164
988 966
988 460
988 702
988 352
989 813
989 713
989 909
989 263
989 923
990 534
990 913
991 743
991 740
991 771
992 911
992 46
992 380
993 64
993 717
994 32
994 49
995 355
995 405
996 69
996 184
997 549
997 191
997 564
998 711
998 753
998 828
999 364
999 225
999 944
