196.099 22.897 191.889
96.109 246.780 153.072
165.522 132.126 145.357
231.336 42.019 165.668
58.823 73.104 226.298
247.930 247.991 149.263
122.290 113.426 163.383
168.283 231.046 77.550
100.961 241.587 162.130
196.067 23.259 196.945
173.579 36.776 187.273
23.176 100.123 235.939
150.085 64.326 84.298
168.449 33.147 242.877
141.696 245.619 88.195
224.867 67.641 64.023
217.129 98.078 64.330
65.733 67.923 246.781
87.123 242.625 180.697
60.937 234.741 63.956
119.992 112.592 161.866
147.661 211.998 65.864
73.680 225.444 46.493
65.359 146.617 66.829
106.464 3.693 97.972
133.285 124.351 0.951
0.116 193.666 83.079
86.927 193.624 123.351
182.280 30.468 12.560
176.200 31.434 239.572
156.797 167.842 28.862
116.751 247.529 165.229
59.444 81.593 225.954
235.180 42.919 178.900
145.464 145.697 173.926
138.836 2.009 207.519
218.447 244.410 158.938
75.740 70.393 132.935
168.406 33.208 242.903
224.864 75.196 62.631
43.468 176.692 205.398
160.602 166.218 26.027
114.902 176.460 162.539
96.780 246.734 152.649
213.408 143.877 5.786
206.686 27.247 195.727
177.379 25.576 58.034
220.479 91.583 61.644
180.696 20.484 242.751
60.664 79.141 228.292
193.447 86.669 61.952
33.958 97.872 227.626
167.604 51.948 106.151
89.580 144.378 88.692
20.358 206.455 87.530
66.908 191.268 241.486
247.168 112.488 154.661
139.562 167.610 7.392
88.112 218.424 20.207
138.706 222.835 162.547
141.833 2.127 65.746
18.980 165.953 206.661
43.438 128.295 104.644
106.577 41.210 161.797
241.653 215.380 2.481
151.329 158.552 17.587
105.989 40.891 214.821
130.809 170.899 56.648
249.954 129.405 80.849
159.820 215.492 82.714
102.996 3.117 240.761
68.016 97.081 248.047
141.758 214.500 184.710
19.025 141.587 62.951
162.568 238.206 124.708
70.115 203.332 229.452
31.226 212.167 204.887
138.763 7.974 194.008
37.721 137.246 216.279
160.669 212.973 10.319
223.151 81.463 209.377
92.412 230.102 183.176
5.019 241.421 186.590
145.214 179.385 62.508
126.919 186.198 65.762
154.021 35.776 90.164
89.449 122.320 216.578
180.905 227.857 4.164
40.853 116.211 209.187
44.634 177.202 236.508
6.113 18.742 90.397
97.492 40.376 247.070
238.517 29.978 63.853
182.513 220.937 211.107
220.444 105.172 65.164
46.589 130.469 143.327
148.225 8.968 15.364
112.838 35.060 248.813
2.630 98.418 189.305
80.351 206.232 203.918
195.667 234.929 153.278
246.287 24.031 122.798
83.055 201.087 199.708
24.850 150.283 80.023
196.738 114.619 247.512
68.402 60.992 243.855
126.994 240.340 11.803
147.860 157.389 213.283
140.820 247.152 88.801
112.368 165.814 216.310
210.245 40.457 211.700
159.626 170.744 29.965
162.996 240.368 157.211
27.564 102.242 230.985
115.339 171.707 155.864
42.831 113.493 216.769
51.087 77.678 167.796
106.856 78.757 196.120
80.583 183.975 217.745
150.095 49.323 247.551
150.904 135.682 155.545
230.464 42.071 226.829
217.857 11.097 162.958
180.272 141.868 64.431
146.459 180.556 224.081
149.704 236.073 97.774
59.140 81.878 201.554
104.110 83.066 114.410
101.501 16.776 46.219
160.547 98.203 240.292
92.070 35.521 235.881
236.877 6.867 209.438
56.380 85.931 225.747
213.227 246.408 9.568
29.587 151.768 70.619
235.290 103.894 245.197
173.274 241.155 82.260
0.050 35.953 110.218
147.708 4.033 195.031
100.918 197.810 210.305
57.428 219.916 168.400
69.412 224.444 229.369
24.440 183.892 165.799
164.950 199.158 140.951
44.361 116.567 141.510
163.163 217.421 82.199
203.138 46.379 217.369
12.596 198.872 241.928
249.707 108.241 159.023
139.263 223.209 6.447
241.121 114.759 205.254
41.316 204.936 122.718
225.301 239.944 124.272
180.269 231.221 231.691
43.011 138.617 31.411
35.278 223.488 160.457
144.304 182.873 247.069
140.556 22.261 202.404
217.121 11.355 161.203
110.974 20.547 111.330
142.899 80.318 133.739
201.896 190.527 234.541
154.413 115.713 18.593
25.713 144.071 61.061
221.600 158.269 46.817
143.559 78.108 134.660
173.356 43.596 186.213
198.726 19.539 181.963
120.862 78.161 198.965
56.345 171.826 197.326
83.994 238.955 171.996
86.237 5.019 235.300
148.886 243.341 85.022
37.954 226.949 227.440
185.630 9.856 181.724
101.826 133.101 151.421
139.203 225.127 11.472
190.361 229.676 225.807
44.298 127.356 204.864
101.246 94.069 84.124
169.042 236.530 78.400
138.049 218.277 142.577
137.284 179.238 71.684
181.799 228.758 133.054
160.516 213.612 77.398
42.341 90.516 156.264
149.802 220.691 62.771
152.970 203.264 65.254
55.755 103.372 239.451
238.853 62.621 129.105
45.048 116.874 17.463
104.902 180.918 96.284
26.599 128.187 55.325
169.446 69.889 19.224
189.611 226.881 237.924
180.603 19.597 198.235
246.382 130.714 6.683
145.964 116.960 36.480
183.940 38.884 16.365
231.277 94.992 207.898
217.868 42.333 203.167
234.815 143.162 5.416
245.083 25.065 121.898
210.245 7.757 70.413
184.405 26.407 9.229
32.876 207.153 203.518
73.655 225.025 46.681
224.070 188.644 0.937
207.965 130.145 121.100
68.546 97.424 233.190
211.161 33.108 249.741
26.128 102.822 235.427
189.512 230.309 182.993
127.065 110.800 162.507
162.496 201.562 171.960
80.267 174.979 165.542
233.932 244.247 244.370
128.004 180.588 229.692
6.289 57.757 24.945
149.778 229.588 237.064
105.783 153.539 132.204
217.095 141.471 6.304
175.977 151.907 5.013
247.237 36.878 188.799
243.068 28.123 120.208
81.058 49.705 7.261
166.991 31.584 242.167
64.981 97.685 231.329
173.070 15.021 202.222
59.555 223.878 98.211
157.257 125.782 170.784
214.193 229.112 181.522
225.491 53.912 54.442
168.031 104.054 5.018
176.196 31.022 190.154
18.339 149.573 145.503
218.678 227.851 234.218
224.764 52.799 220.061
28.418 227.843 159.298
53.428 14.243 154.504
90.960 98.451 160.842
236.013 66.207 137.713
96.223 3.529 63.811
235.936 32.753 172.565
173.900 13.584 182.006
210.460 30.881 198.237
192.402 61.229 125.618
47.459 79.332 2.430
11.020 83.836 144.212
14.686 62.476 14.276
34.655 170.206 82.115
157.274 227.048 221.556
23.908 19.954 82.267
25.708 217.483 13.534
126.803 78.632 87.256
85.934 208.097 199.094
32.734 111.820 224.985
201.872 27.029 242.170
180.612 48.253 23.964
134.818 33.393 164.496
93.972 114.802 156.949
109.381 151.434 144.804
217.475 67.399 243.758
129.933 169.658 58.536
196.006 62.278 229.603
1.486 123.586 25.969
39.203 208.351 106.678
97.566 96.335 133.232
139.880 132.927 216.252
112.144 30.157 6.412
224.222 173.093 0.941
128.234 196.408 20.991
184.760 236.470 33.780
148.160 229.805 89.995
150.750 5.617 115.676
231.374 48.175 151.180
43.356 176.709 205.204
107.939 149.687 145.239
160.928 79.780 4.064
29.890 44.553 108.407
134.116 181.126 228.574
163.754 35.616 23.429
105.300 226.380 185.275
151.039 213.948 36.220
147.916 152.415 224.663
114.264 173.310 158.288
155.977 200.890 206.610
158.190 131.936 161.876
154.407 151.470 0.615
219.079 44.706 217.987
247.700 106.530 181.794
189.097 197.221 146.519
50.359 187.400 144.956
128.821 236.849 68.234
171.371 34.254 184.364
83.275 238.702 171.648
206.369 47.504 237.299
166.359 226.900 142.913
212.563 237.500 237.141
167.740 4.577 80.151
120.444 55.328 146.373
77.255 179.660 190.282
37.291 2.024 215.955
218.982 244.603 158.953
148.909 244.642 118.435
215.636 79.047 87.498
40.520 178.134 114.619
116.655 247.655 165.286
15.748 3.685 190.578
110.971 176.725 161.358
11.075 5.432 46.954
114.075 217.917 39.412
61.875 78.493 235.617
44.924 181.428 232.570
0.208 157.369 31.069
173.096 114.680 214.431
106.521 247.717 175.040
162.967 225.923 145.443
207.471 239.497 180.466
169.952 35.393 185.303
106.584 237.812 66.066
113.972 23.818 115.440
113.350 175.967 161.493
95.138 247.036 149.092
157.177 201.675 196.017
238.350 74.799 142.043
114.568 121.005 138.400
56.399 176.998 202.405
177.201 186.417 175.990
197.506 128.556 153.407
219.374 140.124 7.026
240.748 118.451 209.796
28.880 145.575 169.445
163.448 249.400 72.706
182.866 44.857 11.220
27.650 145.602 63.139
142.788 160.046 210.404
215.537 2.584 50.783
188.058 53.700 218.622
107.389 98.221 185.302
141.355 62.054 125.135
134.032 58.029 147.549
64.531 187.894 191.520
58.666 63.777 222.589
207.483 63.968 242.353
168.373 230.728 77.465
133.785 204.916 12.184
1.197 212.841 60.917
202.040 31.980 210.584
101.930 0.820 93.102
244.199 101.760 74.961
196.039 92.452 83.428
200.273 190.561 234.539
187.878 228.617 86.900
132.258 27.952 98.029
0.147 248.433 133.436
9.472 48.432 112.018
164.472 247.363 96.059
204.525 87.781 85.652
50.111 36.733 27.472
108.840 231.309 26.823
138.763 2.127 207.219
123.798 176.015 180.981
61.206 72.052 137.315
81.662 59.707 2.316
209.017 74.337 109.429
91.909 190.118 188.094
177.117 31.661 191.881
133.265 19.991 106.823
210.396 231.824 205.132
178.589 197.737 148.964
149.173 13.729 110.235
110.883 42.672 10.890
176.966 248.636 72.805
242.303 32.440 59.794
151.375 4.444 117.507
209.809 34.290 212.930
193.739 234.657 210.000
221.756 106.471 67.602
176.362 31.039 190.238
150.561 6.931 16.366
215.029 245.100 235.648
157.652 131.764 158.565
12.028 88.121 225.841
106.276 179.016 160.081
79.505 223.820 226.338
25.192 171.718 216.308
219.544 213.091 46.850
146.823 215.324 213.531
246.305 149.822 57.794
123.884 169.521 108.254
150.737 246.540 207.572
109.830 220.520 184.609
30.477 94.664 69.786
74.252 155.724 207.096
50.744 114.497 237.277
169.216 41.402 207.756
65.260 231.822 56.983
44.288 126.218 203.160
1.335 144.781 171.639
125.749 192.115 163.530
205.903 234.763 233.262
191.688 66.079 225.727
3.193 6.883 87.810
215.595 75.507 246.086
21.050 247.086 176.334
31.500 5.190 59.951
90.663 175.146 180.559
162.017 249.323 73.177
222.824 53.448 181.452
87.209 213.877 14.373
51.072 77.490 167.678
208.137 237.488 150.679
156.310 89.037 238.416
218.025 40.936 91.809
173.582 46.968 189.982
108.922 30.891 67.404
195.310 131.704 150.493
142.011 100.721 194.690
222.015 139.493 7.444
115.291 245.369 170.381
61.302 65.123 248.816
242.486 156.942 51.834
14.023 212.982 91.900
248.322 113.846 157.507
85.118 140.225 128.009
204.435 236.141 151.467
198.837 49.762 220.156
205.903 2.742 56.997
68.096 159.287 204.820
1.342 123.976 29.311
76.585 247.541 130.110
170.639 32.130 243.619
211.922 31.959 215.659
215.618 137.241 130.530
182.457 230.056 145.029
213.002 16.751 237.239
229.737 56.295 18.532
161.237 240.322 164.600
119.212 220.609 143.060
186.781 15.725 188.003
182.134 93.960 48.696
225.013 31.698 165.672
18.575 3.554 124.576
116.713 52.252 141.571
79.739 223.050 225.360
71.554 59.956 246.937
233.033 7.228 85.557
162.992 33.720 23.081
234.970 13.049 83.454
125.665 217.015 153.757
0.212 52.038 226.825
132.216 162.721 23.164
161.288 187.672 75.695
216.449 68.784 95.393
110.338 188.848 21.788
124.092 247.857 162.003
233.072 98.963 73.192
243.646 237.916 241.659
58.693 96.606 227.937
146.910 204.491 239.041
37.762 114.553 209.832
83.255 75.429 176.324
184.007 222.109 211.961
196.139 32.055 47.111
29.815 55.984 231.008
223.034 16.539 20.598
1.265 200.222 209.464
123.236 172.979 25.742
131.166 75.437 115.929
30.462 117.673 228.592
159.326 6.484 195.734
112.783 243.993 24.002
106.795 237.448 117.528
158.484 124.193 24.755
27.111 203.754 78.839
0.246 215.193 61.571
13.744 146.595 209.896
160.750 89.313 80.705
85.543 47.539 245.921
249.932 87.260 42.747
78.016 16.920 102.232
128.858 159.456 156.803
39.484 95.752 244.289
188.594 201.385 2.042
153.642 228.335 214.479
154.965 141.242 141.395
41.072 75.021 180.818
243.140 237.395 181.811
23.578 145.454 62.099
115.809 245.543 172.308
5.578 193.508 206.382
217.152 93.449 3.016
21.776 80.983 56.532
52.347 93.242 117.406
170.353 25.977 4.871
41.097 115.357 234.698
123.732 180.203 171.958
21.805 229.895 199.351
229.725 51.371 59.068
33.858 79.031 176.118
28.974 152.653 67.540
241.430 162.570 101.883
27.083 218.944 140.220
93.304 173.251 138.635
224.269 127.758 211.252
106.840 149.159 145.835
140.360 173.106 190.598
210.707 46.038 123.330
142.261 165.819 7.307
55.983 183.801 69.948
58.840 234.678 109.216
7.631 196.648 176.571
37.283 222.522 17.660
227.936 0.428 81.319
27.505 79.175 206.939
80.015 246.610 35.757
215.329 90.668 3.448
217.600 214.768 44.923
216.809 123.496 139.119
159.050 68.712 82.396
7.488 57.665 223.648
174.761 195.703 150.218
41.006 51.866 77.830
162.826 97.161 15.030
11.409 136.075 64.868
44.090 65.806 241.468
196.239 50.086 84.862
52.071 145.766 216.898
128.640 114.042 240.099
116.465 7.392 173.694
121.248 100.736 137.763
147.004 127.935 218.233
153.777 144.550 216.837
238.894 46.003 76.549
134.783 30.835 35.526
231.330 249.384 155.507
44.192 179.739 235.107
147.343 143.568 173.518
231.835 123.191 133.181
236.333 99.927 70.365
36.888 110.241 13.519
195.194 25.961 240.558
19.956 190.252 18.581
42.640 135.838 206.871
191.928 168.909 1.905
50.503 32.736 232.267
103.620 177.369 103.122
213.467 66.145 73.172
121.013 184.052 94.443
78.947 62.741 248.766
88.739 201.640 117.880
213.163 246.504 9.578
216.636 91.940 175.807
167.302 191.844 68.534
144.180 78.182 128.682
214.953 95.755 66.353
66.993 192.062 244.165
212.686 135.771 121.209
64.974 49.309 210.936
86.543 198.814 65.122
237.283 243.300 161.746
232.188 42.882 8.627
240.031 93.825 70.584
108.689 194.069 84.676
215.063 111.562 57.525
156.229 201.660 199.155
87.868 218.208 30.241
138.657 218.551 142.000
182.362 229.428 210.295
20.175 155.970 0.922
115.506 157.616 217.363
59.468 230.286 231.444
3.734 230.783 74.975
23.692 7.616 119.243
41.599 88.144 163.994
248.976 111.679 157.504
17.064 98.326 215.881
32.545 191.839 76.939
123.226 179.836 169.421
159.906 73.306 0.304
121.553 50.063 150.612
226.544 7.223 77.451
193.972 140.600 61.508
133.997 166.625 176.261
48.183 140.834 23.045
19.965 11.849 176.136
112.567 48.884 17.283
62.217 240.717 238.180
82.458 192.961 199.613
141.329 23.233 203.397
8.119 131.155 202.692
181.814 29.152 242.369
184.666 216.499 40.137
232.015 126.862 249.338
107.048 172.379 167.036
22.648 153.142 150.340
20.685 20.363 172.422
127.724 78.309 91.904
136.850 129.030 176.927
227.161 134.037 28.079
111.027 231.761 25.757
150.289 215.476 16.641
127.107 131.698 143.463
30.251 150.576 153.099
249.616 72.249 64.545
21.188 34.908 216.832
20.363 215.692 196.686
163.005 211.069 205.361
222.075 158.535 150.161
108.022 189.630 0.245
32.733 11.176 77.900
149.721 236.164 97.493
126.663 181.340 231.795
23.207 100.133 235.481
55.198 45.637 216.060
2.183 89.758 98.867
31.443 189.827 200.367
66.720 17.178 245.259
10.611 196.603 177.643
4.242 138.172 31.209
8.686 104.181 220.119
237.179 123.461 143.149
150.078 97.433 175.464
37.231 67.425 219.440
195.524 19.119 140.040
181.390 180.866 172.339
127.913 18.123 150.015
206.241 36.654 101.072
19.287 33.910 149.842
55.838 150.764 107.966
224.721 13.226 21.719
92.397 168.625 176.159
35.647 98.842 227.843
201.170 149.394 35.283
228.494 37.416 165.557
238.617 29.938 63.701
21.013 135.224 130.874
134.288 205.655 12.587
157.564 73.212 85.676
237.562 52.190 4.557
102.393 200.766 213.439
234.507 99.737 75.654
123.910 240.681 186.778
101.594 146.026 148.026
221.982 15.676 247.159
207.815 3.935 51.210
16.252 198.956 171.097
151.395 213.469 33.972
19.581 134.806 127.282
239.893 247.570 83.005
114.154 218.418 135.008
21.748 171.087 210.582
36.954 133.283 217.967
78.453 208.627 52.518
80.226 175.693 202.098
32.208 225.509 17.028
85.220 58.212 159.822
162.553 85.339 190.330
234.606 33.884 60.133
239.347 238.717 236.668
142.973 38.128 219.064
196.032 25.925 15.624
238.024 11.571 101.334
2.252 12.322 128.200
164.075 189.359 186.955
161.447 206.001 208.317
60.810 221.158 98.670
121.699 77.491 74.300
196.766 219.208 143.154
73.938 60.310 139.052
22.138 78.549 203.109
191.091 223.062 139.849
239.652 117.110 211.491
203.485 70.285 22.986
31.356 212.064 204.873
207.366 63.762 243.175
119.246 181.463 145.252
186.653 20.248 202.810
218.045 31.873 214.771
182.874 228.127 190.397
178.791 186.286 176.970
67.363 56.215 223.213
165.156 149.150 148.047
146.571 229.209 212.208
222.438 83.360 63.697
225.679 8.244 210.779
213.041 66.787 37.174
24.630 228.096 107.873
90.582 209.377 38.953
29.724 143.577 58.305
163.736 210.938 175.149
237.507 242.238 183.609
152.989 31.610 244.516
0.376 197.533 209.242
204.032 47.973 216.634
51.553 93.338 226.849
24.458 165.945 204.373
181.679 198.483 147.165
66.040 201.564 84.924
243.236 56.058 129.930
43.960 162.269 214.827
151.091 211.608 228.877
33.644 70.423 178.706
140.747 15.579 188.291
126.779 20.309 122.448
205.938 55.389 227.354
12.203 241.279 187.972
129.105 77.263 113.331
237.198 30.218 122.043
240.763 169.333 38.866
59.073 170.687 185.721
77.518 153.680 205.755
157.089 167.273 41.448
62.005 91.800 236.046
205.007 56.220 234.968
20.039 95.580 219.557
225.552 193.860 4.006
127.959 24.646 94.089
56.478 61.546 59.127
53.635 52.511 235.291
178.901 23.494 194.613
119.408 180.995 103.360
181.008 143.419 19.745
123.668 108.905 237.016
165.032 248.772 78.781
31.842 112.670 224.849
77.314 72.293 128.716
231.247 7.827 84.667
143.305 127.693 8.491
233.961 51.261 113.662
84.745 131.161 15.299
75.278 203.499 28.399
171.655 30.762 10.036
69.140 113.420 212.336
233.669 104.147 65.025
71.528 187.890 170.394
154.364 36.193 91.948
10.480 195.087 88.430
228.969 51.924 137.205
161.148 72.412 35.030
42.948 57.417 72.206
124.237 239.300 187.037
142.933 103.217 14.633
216.298 198.157 8.445
110.818 2.593 8.206
229.710 91.999 146.522
138.191 214.668 143.991
55.829 184.506 221.132
59.322 38.656 248.706
140.825 99.557 196.867
213.891 88.972 101.546
65.996 230.295 53.032
57.395 175.243 193.211
26.848 137.182 15.056
226.841 75.023 64.242
163.817 236.630 160.546
148.153 33.232 247.625
80.821 133.775 102.529
164.672 195.179 201.605
233.003 55.986 203.855
138.232 219.321 185.079
82.740 75.852 177.483
189.892 226.747 238.380
144.463 35.754 216.875
243.368 100.330 79.837
161.666 67.880 94.115
203.137 190.849 233.126
170.407 214.049 50.737
3.620 195.949 175.696
152.897 234.465 174.150
127.432 78.191 50.323
197.476 24.682 194.955
16.979 55.927 217.680
20.559 145.851 63.746
212.332 63.910 72.868
47.303 151.357 207.665
17.048 168.798 211.500
35.122 182.547 198.828
34.372 96.309 227.373
126.031 171.973 191.012
141.857 144.777 239.180
137.707 159.978 217.128
102.421 212.556 190.244
220.438 126.834 209.163
64.576 68.902 137.599
30.104 101.709 99.249
131.645 208.992 119.547
79.893 154.924 203.639
221.952 87.480 62.718
11.333 83.036 145.589
235.052 176.415 41.470
99.365 204.822 188.969
38.251 234.235 175.450
241.390 248.270 83.817
174.257 44.700 168.365
142.658 214.137 45.086
172.927 229.990 48.961
172.956 226.465 78.508
56.331 194.341 182.776
56.240 178.401 203.804
230.692 6.596 83.375
207.992 235.259 16.054
174.531 32.398 238.458
131.932 11.723 88.785
208.957 43.762 71.023
190.748 36.435 11.768
168.681 228.327 141.165
243.287 161.100 52.107
134.218 31.197 123.896
215.923 58.749 214.219
220.540 100.108 6.489
226.134 33.629 165.489
170.579 146.168 59.315
130.958 148.822 13.291
127.621 191.982 212.525
55.596 202.561 173.035
236.924 31.178 175.934
221.033 166.117 109.841
86.919 59.294 153.444
213.657 7.284 182.213
158.876 75.055 86.020
110.072 61.197 11.764
139.614 33.480 100.925
12.107 153.471 190.580
121.025 132.949 7.333
81.412 191.959 199.898
125.940 195.237 17.359
78.449 173.852 183.353
185.744 127.251 28.727
139.731 222.500 158.754
36.624 169.251 80.619
198.517 58.140 223.857
142.202 65.943 132.996
93.529 140.343 88.970
175.126 15.282 203.537
83.306 61.997 59.841
202.107 184.462 6.442
142.157 2.681 65.585
146.232 213.159 211.663
241.658 102.892 229.847
145.449 177.205 246.058
48.678 188.604 139.049
99.793 96.101 82.339
235.632 67.592 136.398
181.851 17.744 183.210
159.345 30.643 16.501
136.660 21.672 201.095
123.879 184.406 164.817
56.690 204.303 175.282
49.897 158.620 67.715
25.086 142.617 59.963
244.031 238.613 147.878
156.975 124.755 168.823
19.392 83.360 82.211
29.744 165.476 80.162
51.359 94.700 117.737
73.305 232.391 39.818
54.555 239.452 63.202
207.714 72.695 97.925
116.682 156.302 184.656
167.436 154.022 22.947
211.401 76.790 109.427
230.868 50.676 61.132
170.204 12.053 197.025
98.297 201.034 194.093
7.673 135.868 112.831
170.141 16.676 151.120
151.737 180.269 247.183
122.892 77.015 203.349
167.410 199.608 169.471
138.884 225.316 11.243
214.601 240.579 246.439
104.460 4.309 241.076
108.395 177.553 100.002
212.331 34.017 197.336
159.725 70.771 2.730
70.978 249.468 201.292
92.137 65.448 3.329
73.828 185.817 178.294
104.184 236.470 128.742
157.692 189.581 186.007
139.721 28.734 202.091
174.091 241.238 83.990
216.206 220.845 123.241
234.049 5.815 208.905
127.463 184.290 69.988
242.384 145.735 124.563
113.174 218.764 36.340
52.846 81.789 215.606
213.662 3.757 179.790
216.946 45.156 46.272
144.128 6.298 93.631
239.794 92.629 142.834
202.413 54.894 7.639
115.378 163.088 200.570
229.102 48.728 199.828
71.579 58.659 246.535
57.486 223.631 114.017
136.951 239.630 134.389
201.107 50.415 219.818
31.888 110.573 153.340
190.907 58.943 249.379
42.735 172.105 207.249
91.650 164.156 174.413
84.929 57.918 130.711
226.678 40.768 45.508
128.359 25.884 96.116
208.796 46.115 87.787
146.039 127.079 33.005
149.376 19.045 162.288
158.237 1.410 71.365
200.868 16.910 204.944
245.301 58.572 78.639
31.761 154.110 72.841
191.623 45.574 21.040
65.007 223.385 236.130
6.969 135.336 109.775
162.581 37.160 77.554
105.627 140.655 154.792
153.504 220.193 179.254
151.083 132.484 209.359
91.887 153.570 119.217
131.710 114.447 106.819
119.278 60.524 150.236
198.324 57.665 128.781
86.689 52.581 155.494
33.239 186.974 76.470
136.907 199.774 82.797
73.716 246.337 174.031
61.443 85.084 233.844
105.271 175.138 169.566
13.304 47.753 101.523
126.184 146.500 215.289
148.663 49.939 248.731
213.164 29.509 201.951
10.303 142.878 210.940
132.829 226.437 2.958
85.836 17.683 227.394
199.680 177.414 151.322
103.384 48.296 10.472
79.534 182.198 111.867
82.017 248.237 133.081
225.847 55.264 220.764
79.874 63.463 59.115
237.871 245.748 147.674
87.915 217.695 22.161
8.981 144.373 209.727
137.686 166.687 246.031
60.991 78.702 229.429
145.412 78.610 82.575
0.960 170.101 110.270
82.975 138.465 47.107
30.586 135.401 11.737
65.057 229.734 232.184
150.543 203.762 43.014
72.936 58.058 139.635
8.834 93.230 137.524
48.605 218.975 113.821
33.889 194.361 153.194
149.596 132.352 210.107
52.294 190.688 205.087
108.929 173.098 88.648
111.649 24.118 114.343
134.000 123.730 175.352
239.687 109.793 148.588
177.786 230.851 240.961
96.699 3.118 64.439
143.844 181.574 245.377
194.387 35.507 87.804
203.779 90.501 123.977
14.258 188.299 139.855
100.579 231.124 167.300
134.649 29.813 35.872
243.180 85.677 148.640
43.306 115.826 17.573
123.255 96.214 112.762
239.024 234.991 240.935
82.427 130.078 110.647
175.115 168.949 168.266
38.481 162.270 83.658
210.779 52.714 7.978
238.501 103.376 232.399
137.648 2.937 92.309
164.279 189.915 191.101
151.265 135.876 154.692
117.035 245.949 174.939
235.758 165.935 40.651
168.457 210.420 244.300
152.104 144.495 59.105
245.841 46.057 83.082
146.885 89.032 29.014
164.218 1.749 52.874
237.375 203.472 1.723
59.644 80.702 226.514
0.761 245.367 155.101
160.669 214.219 81.911
114.591 184.984 94.753
60.779 173.761 186.917
81.634 59.382 6.476
