196.099 22.897 191.889
96.109 246.780 153.072
165.522 132.126 145.357
231.336 42.019 165.668
58.823 73.104 226.298
247.930 247.991 149.263
122.290 113.426 163.383
168.283 231.046 77.550
100.961 241.587 162.130
196.067 23.259 196.945
173.579 36.776 187.273
23.176 100.123 235.939
150.085 64.326 84.298
168.449 33.147 242.877
141.696 245.619 88.195
224.867 67.641 64.023
217.129 98.078 64.330
65.733 67.923 246.781
87.123 242.625 180.697
60.937 234.741 63.956
119.992 112.592 161.866
147.661 211.998 65.864
73.680 225.444 46.493
65.359 146.617 66.829
106.464 3.693 97.972
133.285 124.351 0.951
0.116 193.666 83.079
86.927 193.624 123.351
182.280 30.468 12.560
176.200 31.434 239.572
156.797 167.842 28.862
116.751 247.529 165.229
59.444 81.593 225.954
235.180 42.919 178.900
145.464 145.697 173.926
138.836 2.009 207.519
218.447 244.410 158.938
75.740 70.393 132.935
168.406 33.208 242.903
224.864 75.196 62.631
43.468 176.692 205.398
160.602 166.218 26.027
114.902 176.460 162.539
96.780 246.734 152.649
213.408 143.877 5.786
206.686 27.247 195.727
177.379 25.576 58.034
220.479 91.583 61.644
180.696 20.484 242.751
60.664 79.141 228.292
193.447 86.669 61.952
33.958 97.872 227.626
167.604 51.948 106.151
89.580 144.378 88.692
20.358 206.455 87.530
66.908 191.268 241.486
247.168 112.488 154.661
139.562 167.610 7.392
88.112 218.424 20.207
138.706 222.835 162.547
141.833 2.127 65.746
18.980 165.953 206.661
43.438 128.295 104.644
106.577 41.210 161.797
241.653 215.380 2.481
151.329 158.552 17.587
105.989 40.891 214.821
130.809 170.899 56.648
249.954 129.405 80.849
159.820 215.492 82.714
102.996 3.117 240.761
68.016 97.081 248.047
141.758 214.500 184.710
19.025 141.587 62.951
162.568 238.206 124.708
70.115 203.332 229.452
31.226 212.167 204.887
138.763 7.974 194.008
37.721 137.246 216.279
160.669 212.973 10.319
223.151 81.463 209.377
92.412 230.102 183.176
5.019 241.421 186.590
145.214 179.385 62.508
126.919 186.198 65.762
154.021 35.776 90.164
89.449 122.320 216.578
180.905 227.857 4.164
40.853 116.211 209.187
44.634 177.202 236.508
6.113 18.742 90.397
97.492 40.376 247.070
238.517 29.978 63.853
182.513 220.937 211.107
220.444 105.172 65.164
46.589 130.469 143.327
148.225 8.968 15.364
112.838 35.060 248.813
2.630 98.418 189.305
80.351 206.232 203.918
