196.099 22.897 191.889
96.109 246.780 153.072
165.522 132.126 145.357
231.336 42.019 165.668
58.823 73.104 226.298
247.930 247.991 149.263
122.290 113.426 163.383
168.283 231.046 77.550
100.961 241.587 162.130
196.067 23.259 196.945
173.579 36.776 187.273
23.176 100.123 235.939
150.085 64.326 84.298
168.449 33.147 242.877
141.696 245.619 88.195
224.867 67.641 64.023
217.129 98.078 64.330
65.733 67.923 246.781
87.123 242.625 180.697
60.937 234.741 63.956
119.992 112.592 161.866
147.661 211.998 65.864
73.680 225.444 46.493
65.359 146.617 66.829
106.464 3.693 97.972
133.285 124.351 0.951
0.116 193.666 83.079
86.927 193.624 123.351
182.280 30.468 12.560
176.200 31.434 239.572
156.797 167.842 28.862
116.751 247.529 165.229
59.444 81.593 225.954
235.180 42.919 178.900
145.464 145.697 173.926
138.836 2.009 207.519
218.447 244.410 158.938
75.740 70.393 132.935
168.406 33.208 242.903
224.864 75.196 62.631
43.468 176.692 205.398
160.602 166.218 26.027
114.902 176.460 162.539
96.780 246.734 152.649
213.408 143.877 5.786
206.686 27.247 195.727
177.379 25.576 58.034
220.479 91.583 61.644
180.696 20.484 242.751
60.664 79.141 228.292
193.447 86.669 61.952
33.958 97.872 227.626
167.604 51.948 106.151
89.580 144.378 88.692
20.358 206.455 87.530
66.908 191.268 241.486
247.168 112.488 154.661
139.562 167.610 7.392
88.112 218.424 20.207
138.706 222.835 162.547
141.833 2.127 65.746
18.980 165.953 206.661
43.438 128.295 104.644
106.577 41.210 161.797
241.653 215.380 2.481
151.329 158.552 17.587
105.989 40.891 214.821
130.809 170.899 56.648
249.954 129.405 80.849
159.820 215.492 82.714
102.996 3.117 240.761
68.016 97.081 248.047
141.758 214.500 184.710
19.025 141.587 62.951
162.568 238.206 124.708
70.115 203.332 229.452
31.226 212.167 204.887
138.763 7.974 194.008
37.721 137.246 216.279
160.669 212.973 10.319
223.151 81.463 209.377
92.412 230.102 183.176
5.019 241.421 186.590
145.214 179.385 62.508
126.919 186.198 65.762
154.021 35.776 90.164
89.449 122.320 216.578
180.905 227.857 4.164
40.853 116.211 209.187
44.634 177.202 236.508
6.113 18.742 90.397
97.492 40.376 247.070
238.517 29.978 63.853
182.513 220.937 211.107
220.444 105.172 65.164
46.589 130.469 143.327
148.225 8.968 15.364
112.838 35.060 248.813
2.630 98.418 189.305
80.351 206.232 203.918
195.667 234.929 153.278
246.287 24.031 122.798
83.055 201.087 199.708
24.850 150.283 80.023
196.738 114.619 247.512
68.402 60.992 243.855
126.994 240.340 11.803
147.860 157.389 213.283
140.820 247.152 88.801
112.368 165.814 216.310
210.245 40.457 211.700
159.626 170.744 29.965
162.996 240.368 157.211
27.564 102.242 230.985
115.339 171.707 155.864
42.831 113.493 216.769
51.087 77.678 167.796
106.856 78.757 196.120
80.583 183.975 217.745
150.095 49.323 247.551
150.904 135.682 155.545
230.464 42.071 226.829
217.857 11.097 162.958
180.272 141.868 64.431
146.459 180.556 224.081
149.704 236.073 97.774
59.140 81.878 201.554
104.110 83.066 114.410
101.501 16.776 46.219
160.547 98.203 240.292
92.070 35.521 235.881
236.877 6.867 209.438
56.380 85.931 225.747
213.227 246.408 9.568
29.587 151.768 70.619
235.290 103.894 245.197
173.274 241.155 82.260
0.050 35.953 110.218
147.708 4.033 195.031
100.918 197.810 210.305
57.428 219.916 168.400
69.412 224.444 229.369
24.440 183.892 165.799
164.950 199.158 140.951
44.361 116.567 141.510
163.163 217.421 82.199
203.138 46.379 217.369
12.596 198.872 241.928
249.707 108.241 159.023
139.263 223.209 6.447
241.121 114.759 205.254
41.316 204.936 122.718
225.301 239.944 124.272
180.269 231.221 231.691
43.011 138.617 31.411
35.278 223.488 160.457
144.304 182.873 247.069
140.556 22.261 202.404
217.121 11.355 161.203
110.974 20.547 111.330
142.899 80.318 133.739
201.896 190.527 234.541
154.413 115.713 18.593
25.713 144.071 61.061
221.600 158.269 46.817
143.559 78.108 134.660
173.356 43.596 186.213
198.726 19.539 181.963
120.862 78.161 198.965
56.345 171.826 197.326
83.994 238.955 171.996
86.237 5.019 235.300
148.886 243.341 85.022
37.954 226.949 227.440
185.630 9.856 181.724
101.826 133.101 151.421
139.203 225.127 11.472
190.361 229.676 225.807
44.298 127.356 204.864
101.246 94.069 84.124
169.042 236.530 78.400
138.049 218.277 142.577
137.284 179.238 71.684
181.799 228.758 133.054
160.516 213.612 77.398
42.341 90.516 156.264
149.802 220.691 62.771
152.970 203.264 65.254
55.755 103.372 239.451
238.853 62.621 129.105
45.048 116.874 17.463
104.902 180.918 96.284
26.599 128.187 55.325
169.446 69.889 19.224
189.611 226.881 237.924
180.603 19.597 198.235
246.382 130.714 6.683
145.964 116.960 36.480
183.940 38.884 16.365
231.277 94.992 207.898
217.868 42.333 203.167
234.815 143.162 5.416
245.083 25.065 121.898
210.245 7.757 70.413
184.405 26.407 9.229
32.876 207.153 203.518
73.655 225.025 46.681
224.070 188.644 0.937
207.965 130.145 121.100
68.546 97.424 233.190
211.161 33.108 249.741
26.128 102.822 235.427
189.512 230.309 182.993
127.065 110.800 162.507
162.496 201.562 171.960
80.267 174.979 165.542
233.932 244.247 244.370
128.004 180.588 229.692
6.289 57.757 24.945
149.778 229.588 237.064
105.783 153.539 132.204
217.095 141.471 6.304
175.977 151.907 5.013
247.237 36.878 188.799
243.068 28.123 120.208
81.058 49.705 7.261
166.991 31.584 242.167
64.981 97.685 231.329
173.070 15.021 202.222
59.555 223.878 98.211
157.257 125.782 170.784
214.193 229.112 181.522
225.491 53.912 54.442
168.031 104.054 5.018
176.196 31.022 190.154
18.339 149.573 145.503
218.678 227.851 234.218
224.764 52.799 220.061
28.418 227.843 159.298
53.428 14.243 154.504
90.960 98.451 160.842
236.013 66.207 137.713
96.223 3.529 63.811
235.936 32.753 172.565
173.900 13.584 182.006
210.460 30.881 198.237
192.402 61.229 125.618
47.459 79.332 2.430
11.020 83.836 144.212
14.686 62.476 14.276
34.655 170.206 82.115
157.274 227.048 221.556
23.908 19.954 82.267
25.708 217.483 13.534
126.803 78.632 87.256
85.934 208.097 199.094
32.734 111.820 224.985
201.872 27.029 242.170
180.612 48.253 23.964
134.818 33.393 164.496
93.972 114.802 156.949
109.381 151.434 144.804
217.475 67.399 243.758
129.933 169.658 58.536
196.006 62.278 229.603
1.486 123.586 25.969
39.203 208.351 106.678
97.566 96.335 133.232
139.880 132.927 216.252
112.144 30.157 6.412
224.222 173.093 0.941
128.234 196.408 20.991
184.760 236.470 33.780
148.160 229.805 89.995
150.750 5.617 115.676
231.374 48.175 151.180
43.356 176.709 205.204
107.939 149.687 145.239
160.928 79.780 4.064
29.890 44.553 108.407
134.116 181.126 228.574
163.754 35.616 23.429
105.300 226.380 185.275
151.039 213.948 36.220
147.916 152.415 224.663
114.264 173.310 158.288
155.977 200.890 206.610
158.190 131.936 161.876
154.407 151.470 0.615
219.079 44.706 217.987
247.700 106.530 181.794
189.097 197.221 146.519
50.359 187.400 144.956
128.821 236.849 68.234
171.371 34.254 184.364
83.275 238.702 171.648
206.369 47.504 237.299
166.359 226.900 142.913
212.563 237.500 237.141
167.740 4.577 80.151
120.444 55.328 146.373
77.255 179.660 190.282
37.291 2.024 215.955
218.982 244.603 158.953
148.909 244.642 118.435
215.636 79.047 87.498
40.520 178.134 114.619
116.655 247.655 165.286
15.748 3.685 190.578
110.971 176.725 161.358
11.075 5.432 46.954
114.075 217.917 39.412
61.875 78.493 235.617
44.924 181.428 232.570
0.208 157.369 31.069
173.096 114.680 214.431
106.521 247.717 175.040
162.967 225.923 145.443
207.471 239.497 180.466
169.952 35.393 185.303
106.584 237.812 66.066
113.972 23.818 115.440
113.350 175.967 161.493
95.138 247.036 149.092
157.177 201.675 196.017
238.350 74.799 142.043
114.568 121.005 138.400
56.399 176.998 202.405
177.201 186.417 175.990
197.506 128.556 153.407
219.374 140.124 7.026
240.748 118.451 209.796
28.880 145.575 169.445
163.448 249.400 72.706
182.866 44.857 11.220
27.650 145.602 63.139
142.788 160.046 210.404
215.537 2.584 50.783
188.058 53.700 218.622
107.389 98.221 185.302
141.355 62.054 125.135
134.032 58.029 147.549
64.531 187.894 191.520
58.666 63.777 222.589
207.483 63.968 242.353
168.373 230.728 77.465
133.785 204.916 12.184
1.197 212.841 60.917
202.040 31.980 210.584
101.930 0.820 93.102
244.199 101.760 74.961
196.039 92.452 83.428
200.273 190.561 234.539
187.878 228.617 86.900
132.258 27.952 98.029
0.147 248.433 133.436
9.472 48.432 112.018
164.472 247.363 96.059
204.525 87.781 85.652
50.111 36.733 27.472
108.840 231.309 26.823
138.763 2.127 207.219
123.798 176.015 180.981
61.206 72.052 137.315
81.662 59.707 2.316
209.017 74.337 109.429
91.909 190.118 188.094
177.117 31.661 191.881
133.265 19.991 106.823
210.396 231.824 205.132
178.589 197.737 148.964
149.173 13.729 110.235
110.883 42.672 10.890
176.966 248.636 72.805
242.303 32.440 59.794
151.375 4.444 117.507
209.809 34.290 212.930
193.739 234.657 210.000
221.756 106.471 67.602
176.362 31.039 190.238
150.561 6.931 16.366
215.029 245.100 235.648
157.652 131.764 158.565
12.028 88.121 225.841
106.276 179.016 160.081
79.505 223.820 226.338
25.192 171.718 216.308
219.544 213.091 46.850
146.823 215.324 213.531
246.305 149.822 57.794
123.884 169.521 108.254
150.737 246.540 207.572
109.830 220.520 184.609
30.477 94.664 69.786
74.252 155.724 207.096
50.744 114.497 237.277
169.216 41.402 207.756
65.260 231.822 56.983
44.288 126.218 203.160
1.335 144.781 171.639
125.749 192.115 163.530
205.903 234.763 233.262
191.688 66.079 225.727
3.193 6.883 87.810
215.595 75.507 246.086
21.050 247.086 176.334
31.500 5.190 59.951
90.663 175.146 180.559
162.017 249.323 73.177
222.824 53.448 181.452
87.209 213.877 14.373
51.072 77.490 167.678
208.137 237.488 150.679
156.310 89.037 238.416
218.025 40.936 91.809
173.582 46.968 189.982
108.922 30.891 67.404
195.310 131.704 150.493
142.011 100.721 194.690
222.015 139.493 7.444
115.291 245.369 170.381
61.302 65.123 248.816
242.486 156.942 51.834
14.023 212.982 91.900
248.322 113.846 157.507
85.118 140.225 128.009
204.435 236.141 151.467
198.837 49.762 220.156
205.903 2.742 56.997
68.096 159.287 204.820
1.342 123.976 29.311
76.585 247.541 130.110
170.639 32.130 243.619
211.922 31.959 215.659
215.618 137.241 130.530
182.457 230.056 145.029
213.002 16.751 237.239
229.737 56.295 18.532
161.237 240.322 164.600
119.212 220.609 143.060
186.781 15.725 188.003
182.134 93.960 48.696
225.013 31.698 165.672
18.575 3.554 124.576
116.713 52.252 141.571
79.739 223.050 225.360
71.554 59.956 246.937
233.033 7.228 85.557
162.992 33.720 23.081
234.970 13.049 83.454
125.665 217.015 153.757
0.212 52.038 226.825
132.216 162.721 23.164
161.288 187.672 75.695
216.449 68.784 95.393
110.338 188.848 21.788
124.092 247.857 162.003
233.072 98.963 73.192
243.646 237.916 241.659
58.693 96.606 227.937
146.910 204.491 239.041
37.762 114.553 209.832
83.255 75.429 176.324
184.007 222.109 211.961
196.139 32.055 47.111
29.815 55.984 231.008
223.034 16.539 20.598
1.265 200.222 209.464
123.236 172.979 25.742
131.166 75.437 115.929
30.462 117.673 228.592
159.326 6.484 195.734
112.783 243.993 24.002
106.795 237.448 117.528
158.484 124.193 24.755
27.111 203.754 78.839
0.246 215.193 61.571
13.744 146.595 209.896
160.750 89.313 80.705
85.543 47.539 245.921
249.932 87.260 42.747
78.016 16.920 102.232
128.858 159.456 156.803
39.484 95.752 244.289
188.594 201.385 2.042
153.642 228.335 214.479
154.965 141.242 141.395
41.072 75.021 180.818
243.140 237.395 181.811
23.578 145.454 62.099
115.809 245.543 172.308
5.578 193.508 206.382
217.152 93.449 3.016
21.776 80.983 56.532
52.347 93.242 117.406
170.353 25.977 4.871
41.097 115.357 234.698
123.732 180.203 171.958
21.805 229.895 199.351
229.725 51.371 59.068
33.858 79.031 176.118
28.974 152.653 67.540
241.430 162.570 101.883
27.083 218.944 140.220
93.304 173.251 138.635
224.269 127.758 211.252
106.840 149.159 145.835
140.360 173.106 190.598
210.707 46.038 123.330
142.261 165.819 7.307
55.983 183.801 69.948
58.840 234.678 109.216
7.631 196.648 176.571
37.283 222.522 17.660
227.936 0.428 81.319
27.505 79.175 206.939
80.015 246.610 35.757
215.329 90.668 3.448
217.600 214.768 44.923
216.809 123.496 139.119
159.050 68.712 82.396
7.488 57.665 223.648
174.761 195.703 150.218
41.006 51.866 77.830
162.826 97.161 15.030
11.409 136.075 64.868
44.090 65.806 241.468
196.239 50.086 84.862
52.071 145.766 216.898
128.640 114.042 240.099
116.465 7.392 173.694
121.248 100.736 137.763
147.004 127.935 218.233
153.777 144.550 216.837
238.894 46.003 76.549
134.783 30.835 35.526
231.330 249.384 155.507
44.192 179.739 235.107
147.343 143.568 173.518
231.835 123.191 133.181
236.333 99.927 70.365
36.888 110.241 13.519
195.194 25.961 240.558
19.956 190.252 18.581
42.640 135.838 206.871
191.928 168.909 1.905
50.503 32.736 232.267
103.620 177.369 103.122
213.467 66.145 73.172
121.013 184.052 94.443
78.947 62.741 248.766
88.739 201.640 117.880
213.163 246.504 9.578
216.636 91.940 175.807
167.302 191.844 68.534
144.180 78.182 128.682
214.953 95.755 66.353
66.993 192.062 244.165
212.686 135.771 121.209
64.974 49.309 210.936
86.543 198.814 65.122
237.283 243.300 161.746
232.188 42.882 8.627
240.031 93.825 70.584
108.689 194.069 84.676
215.063 111.562 57.525
156.229 201.660 199.155
87.868 218.208 30.241
138.657 218.551 142.000
182.362 229.428 210.295
20.175 155.970 0.922
115.506 157.616 217.363
59.468 230.286 231.444
3.734 230.783 74.975
23.692 7.616 119.243
41.599 88.144 163.994
248.976 111.679 157.504
17.064 98.326 215.881
32.545 191.839 76.939
123.226 179.836 169.421
159.906 73.306 0.304
121.553 50.063 150.612
226.544 7.223 77.451
193.972 140.600 61.508
133.997 166.625 176.261
48.183 140.834 23.045
19.965 11.849 176.136
112.567 48.884 17.283
62.217 240.717 238.180
82.458 192.961 199.613
141.329 23.233 203.397
8.119 131.155 202.692
181.814 29.152 242.369
184.666 216.499 40.137
232.015 126.862 249.338
107.048 172.379 167.036
22.648 153.142 150.340
20.685 20.363 172.422
127.724 78.309 91.904
136.850 129.030 176.927
227.161 134.037 28.079
111.027 231.761 25.757
150.289 215.476 16.641
127.107 131.698 143.463
30.251 150.576 153.099
249.616 72.249 64.545
21.188 34.908 216.832
20.363 215.692 196.686
163.005 211.069 205.361
222.075 158.535 150.161
108.022 189.630 0.245
32.733 11.176 77.900
149.721 236.164 97.493
126.663 181.340 231.795
23.207 100.133 235.481
55.198 45.637 216.060
2.183 89.758 98.867
31.443 189.827 200.367
66.720 17.178 245.259
10.611 196.603 177.643
4.242 138.172 31.209
8.686 104.181 220.119
237.179 123.461 143.149
150.078 97.433 175.464
37.231 67.425 219.440
195.524 19.119 140.040
181.390 180.866 172.339
127.913 18.123 150.015
206.241 36.654 101.072
19.287 33.910 149.842
55.838 150.764 107.966
224.721 13.226 21.719
92.397 168.625 176.159
35.647 98.842 227.843
201.170 149.394 35.283
228.494 37.416 165.557
238.617 29.938 63.701
21.013 135.224 130.874
134.288 205.655 12.587
157.564 73.212 85.676
237.562 52.190 4.557
102.393 200.766 213.439
234.507 99.737 75.654
123.910 240.681 186.778
101.594 146.026 148.026
221.982 15.676 247.159
207.815 3.935 51.210
16.252 198.956 171.097
151.395 213.469 33.972
19.581 134.806 127.282
239.893 247.570 83.005
114.154 218.418 135.008
21.748 171.087 210.582
36.954 133.283 217.967
78.453 208.627 52.518
80.226 175.693 202.098
32.208 225.509 17.028
85.220 58.212 159.822
162.553 85.339 190.330
234.606 33.884 60.133
239.347 238.717 236.668
142.973 38.128 219.064
196.032 25.925 15.624
238.024 11.571 101.334
2.252 12.322 128.200
164.075 189.359 186.955
161.447 206.001 208.317
60.810 221.158 98.670
121.699 77.491 74.300
196.766 219.208 143.154
73.938 60.310 139.052
22.138 78.549 203.109
191.091 223.062 139.849
239.652 117.110 211.491
203.485 70.285 22.986
31.356 212.064 204.873
207.366 63.762 243.175
119.246 181.463 145.252
186.653 20.248 202.810
218.045 31.873 214.771
182.874 228.127 190.397
178.791 186.286 176.970
67.363 56.215 223.213
165.156 149.150 148.047
146.571 229.209 212.208
222.438 83.360 63.697
225.679 8.244 210.779
213.041 66.787 37.174
24.630 228.096 107.873
90.582 209.377 38.953
29.724 143.577 58.305
163.736 210.938 175.149
237.507 242.238 183.609
152.989 31.610 244.516
0.376 197.533 209.242
204.032 47.973 216.634
51.553 93.338 226.849
24.458 165.945 204.373
181.679 198.483 147.165
66.040 201.564 84.924
243.236 56.058 129.930
43.960 162.269 214.827
151.091 211.608 228.877
33.644 70.423 178.706
140.747 15.579 188.291
126.779 20.309 122.448
205.938 55.389 227.354
12.203 241.279 187.972
129.105 77.263 113.331
237.198 30.218 122.043
240.763 169.333 38.866
59.073 170.687 185.721
77.518 153.680 205.755
157.089 167.273 41.448
62.005 91.800 236.046
205.007 56.220 234.968
20.039 95.580 219.557
225.552 193.860 4.006
127.959 24.646 94.089
56.478 61.546 59.127
53.635 52.511 235.291
178.901 23.494 194.613
119.408 180.995 103.360
181.008 143.419 19.745
123.668 108.905 237.016
165.032 248.772 78.781
31.842 112.670 224.849
77.314 72.293 128.716
231.247 7.827 84.667
143.305 127.693 8.491
233.961 51.261 113.662
84.745 131.161 15.299
75.278 203.499 28.399
171.655 30.762 10.036
69.140 113.420 212.336
233.669 104.147 65.025
71.528 187.890 170.394
154.364 36.193 91.948
10.480 195.087 88.430
228.969 51.924 137.205
161.148 72.412 35.030
42.948 57.417 72.206
124.237 239.300 187.037
142.933 103.217 14.633
216.298 198.157 8.445
110.818 2.593 8.206
229.710 91.999 146.522
138.191 214.668 143.991
55.829 184.506 221.132
59.322 38.656 248.706
140.825 99.557 196.867
213.891 88.972 101.546
65.996 230.295 53.032
57.395 175.243 193.211
26.848 137.182 15.056
226.841 75.023 64.242
163.817 236.630 160.546
148.153 33.232 247.625
80.821 133.775 102.529
164.672 195.179 201.605
233.003 55.986 203.855
138.232 219.321 185.079
82.740 75.852 177.483
189.892 226.747 238.380
144.463 35.754 216.875
243.368 100.330 79.837
161.666 67.880 94.115
203.137 190.849 233.126
170.407 214.049 50.737
3.620 195.949 175.696
152.897 234.465 174.150
127.432 78.191 50.323
197.476 24.682 194.955
16.979 55.927 217.680
20.559 145.851 63.746
212.332 63.910 72.868
47.303 151.357 207.665
17.048 168.798 211.500
35.122 182.547 198.828
34.372 96.309 227.373
126.031 171.973 191.012
141.857 144.777 239.180
137.707 159.978 217.128
102.421 212.556 190.244
220.438 126.834 209.163
64.576 68.902 137.599
30.104 101.709 99.249
131.645 208.992 119.547
79.893 154.924 203.639
221.952 87.480 62.718
11.333 83.036 145.589
235.052 176.415 41.470
99.365 204.822 188.969
38.251 234.235 175.450
241.390 248.270 83.817
174.257 44.700 168.365
142.658 214.137 45.086
172.927 229.990 48.961
172.956 226.465 78.508
56.331 194.341 182.776
56.240 178.401 203.804
230.692 6.596 83.375
207.992 235.259 16.054
174.531 32.398 238.458
131.932 11.723 88.785
208.957 43.762 71.023
190.748 36.435 11.768
168.681 228.327 141.165
243.287 161.100 52.107
134.218 31.197 123.896
215.923 58.749 214.219
220.540 100.108 6.489
226.134 33.629 165.489
170.579 146.168 59.315
130.958 148.822 13.291
127.621 191.982 212.525
55.596 202.561 173.035
236.924 31.178 175.934
221.033 166.117 109.841
86.919 59.294 153.444
213.657 7.284 182.213
158.876 75.055 86.020
110.072 61.197 11.764
139.614 33.480 100.925
12.107 153.471 190.580
121.025 132.949 7.333
81.412 191.959 199.898
125.940 195.237 17.359
78.449 173.852 183.353
185.744 127.251 28.727
139.731 222.500 158.754
36.624 169.251 80.619
198.517 58.140 223.857
142.202 65.943 132.996
93.529 140.343 88.970
175.126 15.282 203.537
83.306 61.997 59.841
202.107 184.462 6.442
142.157 2.681 65.585
146.232 213.159 211.663
241.658 102.892 229.847
145.449 177.205 246.058
48.678 188.604 139.049
99.793 96.101 82.339
235.632 67.592 136.398
181.851 17.744 183.210
159.345 30.643 16.501
136.660 21.672 201.095
123.879 184.406 164.817
56.690 204.303 175.282
49.897 158.620 67.715
25.086 142.617 59.963
244.031 238.613 147.878
156.975 124.755 168.823
19.392 83.360 82.211
29.744 165.476 80.162
51.359 94.700 117.737
73.305 232.391 39.818
54.555 239.452 63.202
207.714 72.695 97.925
116.682 156.302 184.656
167.436 154.022 22.947
211.401 76.790 109.427
230.868 50.676 61.132
170.204 12.053 197.025
98.297 201.034 194.093
7.673 135.868 112.831
170.141 16.676 151.120
151.737 180.269 247.183
122.892 77.015 203.349
167.410 199.608 169.471
138.884 225.316 11.243
214.601 240.579 246.439
104.460 4.309 241.076
108.395 177.553 100.002
212.331 34.017 197.336
159.725 70.771 2.730
70.978 249.468 201.292
92.137 65.448 3.329
73.828 185.817 178.294
104.184 236.470 128.742
157.692 189.581 186.007
139.721 28.734 202.091
174.091 241.238 83.990
216.206 220.845 123.241
234.049 5.815 208.905
127.463 184.290 69.988
242.384 145.735 124.563
113.174 218.764 36.340
52.846 81.789 215.606
213.662 3.757 179.790
216.946 45.156 46.272
144.128 6.298 93.631
239.794 92.629 142.834
202.413 54.894 7.639
115.378 163.088 200.570
229.102 48.728 199.828
71.579 58.659 246.535
57.486 223.631 114.017
136.951 239.630 134.389
201.107 50.415 219.818
31.888 110.573 153.340
190.907 58.943 249.379
42.735 172.105 207.249
91.650 164.156 174.413
84.929 57.918 130.711
226.678 40.768 45.508
128.359 25.884 96.116
208.796 46.115 87.787
146.039 127.079 33.005
149.376 19.045 162.288
158.237 1.410 71.365
200.868 16.910 204.944
245.301 58.572 78.639
31.761 154.110 72.841
191.623 45.574 21.040
65.007 223.385 236.130
6.969 135.336 109.775
162.581 37.160 77.554
105.627 140.655 154.792
153.504 220.193 179.254
151.083 132.484 209.359
91.887 153.570 119.217
131.710 114.447 106.819
119.278 60.524 150.236
198.324 57.665 128.781
86.689 52.581 155.494
33.239 186.974 76.470
136.907 199.774 82.797
73.716 246.337 174.031
61.443 85.084 233.844
105.271 175.138 169.566
13.304 47.753 101.523
126.184 146.500 215.289
148.663 49.939 248.731
213.164 29.509 201.951
10.303 142.878 210.940
132.829 226.437 2.958
85.836 17.683 227.394
199.680 177.414 151.322
103.384 48.296 10.472
79.534 182.198 111.867
82.017 248.237 133.081
225.847 55.264 220.764
79.874 63.463 59.115
237.871 245.748 147.674
87.915 217.695 22.161
8.981 144.373 209.727
137.686 166.687 246.031
60.991 78.702 229.429
145.412 78.610 82.575
0.960 170.101 110.270
82.975 138.465 47.107
30.586 135.401 11.737
65.057 229.734 232.184
150.543 203.762 43.014
72.936 58.058 139.635
8.834 93.230 137.524
48.605 218.975 113.821
33.889 194.361 153.194
149.596 132.352 210.107
52.294 190.688 205.087
108.929 173.098 88.648
111.649 24.118 114.343
134.000 123.730 175.352
239.687 109.793 148.588
177.786 230.851 240.961
96.699 3.118 64.439
143.844 181.574 245.377
194.387 35.507 87.804
203.779 90.501 123.977
14.258 188.299 139.855
100.579 231.124 167.300
134.649 29.813 35.872
243.180 85.677 148.640
43.306 115.826 17.573
123.255 96.214 112.762
239.024 234.991 240.935
82.427 130.078 110.647
175.115 168.949 168.266
38.481 162.270 83.658
210.779 52.714 7.978
238.501 103.376 232.399
137.648 2.937 92.309
164.279 189.915 191.101
151.265 135.876 154.692
117.035 245.949 174.939
235.758 165.935 40.651
168.457 210.420 244.300
152.104 144.495 59.105
245.841 46.057 83.082
146.885 89.032 29.014
164.218 1.749 52.874
237.375 203.472 1.723
59.644 80.702 226.514
0.761 245.367 155.101
160.669 214.219 81.911
114.591 184.984 94.753
60.779 173.761 186.917
81.634 59.382 6.476
209.662 44.152 246.998
32.215 211.104 76.391
212.197 110.248 49.531
61.294 58.322 62.165
131.779 113.600 107.148
21.826 131.520 85.674
129.387 181.883 26.710
55.446 171.444 188.140
171.577 203.447 141.465
58.219 81.047 225.985
218.397 140.500 6.854
207.394 148.687 207.016
244.506 215.225 78.780
48.235 139.269 96.721
156.647 159.642 5.643
221.442 16.702 92.914
138.526 222.665 162.694
205.815 18.957 211.213
14.219 202.470 245.227
231.127 243.323 130.587
144.260 84.949 131.718
129.174 175.960 174.334
74.963 233.559 36.162
33.232 11.903 178.001
159.356 122.463 169.808
26.822 142.984 59.978
33.464 192.975 153.193
15.943 210.360 92.436
1.668 234.613 84.363
167.757 241.477 160.168
150.342 133.859 17.295
140.825 159.878 174.549
64.313 202.213 81.231
15.430 197.417 246.728
245.027 80.483 155.144
248.028 105.824 116.664
43.488 174.078 206.720
187.474 2.537 148.729
110.186 174.725 101.334
121.650 161.632 213.112
140.254 64.910 63.406
36.778 206.638 103.542
237.870 179.322 33.024
232.624 64.747 225.317
51.093 62.972 124.648
99.879 135.174 149.614
143.566 166.841 0.465
144.415 118.739 107.826
13.368 222.389 206.654
211.871 136.243 175.465
83.044 131.398 16.048
112.798 28.546 21.310
88.082 29.255 104.905
225.893 247.135 155.409
184.604 97.140 249.333
121.809 246.139 186.531
217.300 76.888 79.007
221.808 123.627 96.403
60.544 14.092 232.934
158.786 85.543 81.277
23.603 234.542 167.210
234.881 173.125 121.027
57.792 130.942 65.318
40.990 113.403 213.086
244.205 136.384 91.249
189.543 217.267 82.078
231.816 42.283 78.324
206.713 148.885 9.389
148.351 62.737 97.377
28.893 102.374 229.818
203.710 225.777 62.985
123.437 2.978 160.917
49.379 77.877 176.089
216.189 41.531 228.145
44.643 196.545 130.400
5.819 138.564 207.302
48.168 1.744 74.469
5.404 209.494 232.668
36.026 169.953 108.386
135.425 120.360 174.625
194.981 138.111 64.927
132.855 40.910 167.308
119.459 6.563 164.994
241.987 115.119 243.596
1.044 126.695 4.494
136.807 184.836 35.313
129.571 190.893 164.290
2.009 98.454 188.876
103.417 238.955 58.505
201.221 47.799 238.900
182.133 11.910 61.764
118.715 84.993 48.237
183.269 231.086 151.550
207.558 2.534 49.104
28.695 142.717 59.392
45.016 122.925 127.814
206.988 9.835 244.241
124.154 86.895 50.425
24.167 35.894 119.606
126.636 81.398 126.989
232.065 55.308 136.777
139.450 18.110 11.828
93.151 210.354 3.960
194.038 235.754 216.613
65.702 163.976 202.570
240.420 78.116 140.751
151.077 207.514 43.648
195.151 69.554 192.052
136.567 220.212 180.453
143.876 52.785 206.303
141.846 181.410 190.147
122.444 22.922 118.028
1.246 124.709 22.488
235.901 108.664 238.590
111.827 100.034 242.933
82.424 143.554 29.378
123.778 20.831 67.783
83.773 187.613 185.460
146.653 133.466 220.394
102.634 248.755 120.408
146.342 219.687 39.610
197.639 115.375 246.557
150.204 209.473 0.035
117.400 176.907 169.231
225.581 122.107 106.482
234.326 123.897 98.026
185.923 51.414 219.427
240.352 24.579 65.038
45.025 192.745 0.012
219.665 191.808 60.341
176.143 240.246 51.043
236.978 57.458 8.467
228.925 67.246 210.448
17.303 211.474 7.930
119.935 155.190 136.863
149.489 31.129 191.311
141.163 159.203 216.142
223.095 24.957 36.919
222.827 245.863 46.993
209.740 239.816 16.151
242.822 235.097 246.428
179.038 247.517 217.716
154.064 81.724 2.385
84.105 225.973 41.765
3.016 123.292 4.510
207.481 245.001 111.285
17.090 120.313 246.209
243.258 106.799 161.776
234.730 8.073 85.299
184.640 154.179 4.428
40.723 153.144 236.770
96.460 246.677 169.897
74.381 236.650 35.220
105.646 104.152 176.642
103.473 182.800 164.643
105.473 209.651 188.158
35.350 63.446 5.794
247.833 68.862 63.493
189.125 139.822 62.530
183.789 139.288 64.904
151.145 212.180 31.283
59.664 65.647 224.807
242.585 61.513 90.666
209.806 196.182 122.906
86.864 57.966 154.578
53.474 7.116 217.012
143.654 129.433 9.147
224.878 198.462 227.857
57.059 224.981 17.343
100.456 2.220 239.901
138.811 7.759 193.436
182.702 22.595 242.538
17.797 144.149 140.406
105.642 202.441 223.141
45.247 182.369 172.930
12.233 82.452 190.834
194.725 108.367 8.411
29.814 145.361 170.997
185.794 12.082 183.094
120.013 59.523 146.432
43.773 118.423 118.110
162.306 43.009 236.493
49.261 79.560 4.031
194.729 102.930 52.306
143.416 110.181 164.780
184.729 37.991 58.612
81.847 239.507 34.483
202.890 206.968 9.936
59.646 146.542 183.910
8.373 26.171 129.992
92.980 0.298 234.331
7.130 138.876 67.194
247.605 132.756 52.963
53.187 232.536 242.920
58.280 60.203 61.818
151.416 101.053 178.661
4.343 197.044 175.533
4.943 57.321 109.322
168.349 49.750 171.951
51.131 176.379 74.656
118.524 173.204 11.301
186.695 226.416 185.102
156.222 113.766 179.477
47.001 179.951 226.370
23.875 238.512 50.057
169.892 0.351 200.031
171.715 60.978 192.271
111.551 24.671 13.009
108.656 11.271 242.673
4.039 64.221 210.866
218.425 100.744 64.307
188.720 17.887 189.856
55.825 55.410 225.617
58.654 91.939 238.722
246.780 103.513 94.200
197.201 57.913 220.595
101.054 240.920 163.290
116.667 175.975 169.554
197.820 46.901 201.042
151.770 7.734 111.159
139.547 222.777 159.760
20.037 45.896 31.626
73.246 105.098 235.110
229.274 142.369 115.312
170.626 224.220 233.894
212.089 228.879 186.002
202.941 64.504 82.848
227.972 125.608 112.991
64.646 232.081 47.989
193.558 71.000 190.460
233.037 36.210 60.753
156.960 75.295 148.140
181.128 156.434 222.189
129.427 190.696 164.161
100.658 134.026 150.712
55.450 123.299 148.182
227.825 146.273 92.738
235.200 77.472 135.696
215.813 101.053 199.978
156.115 75.919 149.078
10.813 15.462 54.963
138.426 10.396 196.132
34.111 92.846 154.515
43.080 1.914 63.798
7.562 19.897 90.230
232.676 52.046 63.163
85.126 172.135 204.396
223.192 16.752 19.279
195.309 107.312 5.545
134.588 143.629 95.441
214.589 51.178 126.903
146.405 51.418 189.531
213.995 236.596 235.686
107.259 231.842 128.878
249.789 8.762 1.059
106.901 129.719 152.965
219.858 88.042 94.125
217.624 213.233 45.797
129.473 103.992 20.644
237.947 53.043 69.246
111.527 245.818 170.726
209.766 83.974 86.058
44.918 31.788 244.173
205.494 136.651 70.416
124.198 140.915 211.812
201.493 55.854 219.509
143.986 5.732 92.317
153.317 8.280 16.057
41.635 195.550 70.087
156.679 22.960 5.018
194.617 35.720 93.398
121.788 133.604 142.154
123.827 228.936 184.619
231.095 69.175 142.705
179.138 20.885 197.278
69.282 237.861 208.383
243.204 240.796 180.860
65.685 171.929 198.265
182.817 20.808 240.437
172.468 235.421 86.121
178.656 31.235 22.306
30.699 163.306 209.110
243.192 248.180 150.305
195.773 139.900 63.244
196.459 34.349 247.243
65.767 31.057 20.563
135.247 181.336 229.465
132.771 34.257 169.447
131.476 236.066 6.874
169.433 223.815 231.670
202.197 41.814 74.417
243.752 238.137 182.437
131.326 22.090 123.758
219.411 107.791 206.908
161.654 174.240 31.615
243.861 55.177 176.557
168.827 42.821 218.747
190.521 56.131 222.347
160.037 232.710 211.484
60.093 84.593 201.420
198.015 223.683 124.338
180.301 194.672 180.729
90.503 151.723 118.210
197.391 92.330 83.607
69.353 19.968 116.921
104.672 249.632 175.189
224.556 39.952 41.104
142.600 197.221 170.351
211.607 115.823 194.420
17.898 200.437 171.057
169.019 199.521 215.207
42.957 113.576 217.203
174.954 31.429 186.649
143.729 59.893 124.035
190.687 218.968 214.179
149.828 181.817 224.431
245.334 52.856 132.033
48.620 7.608 154.428
70.385 53.086 226.535
59.018 20.960 185.998
130.085 99.450 20.547
136.155 0.653 35.061
236.339 8.786 101.820
22.640 182.089 166.809
246.204 241.417 144.312
119.180 179.058 146.305
170.721 59.375 190.571
163.767 49.068 230.686
148.936 196.564 186.576
82.474 202.032 200.731
9.981 62.823 18.884
60.338 237.439 53.843
170.308 82.753 87.048
43.084 217.515 224.432
213.468 0.241 174.722
149.765 78.036 81.077
119.630 247.439 115.190
13.928 84.205 216.556
203.263 140.909 157.592
168.405 57.507 30.660
186.614 14.392 185.674
245.154 43.396 247.703
147.838 219.098 16.712
247.130 86.356 147.752
85.024 130.747 42.944
36.671 131.907 16.700
141.465 61.765 124.826
145.500 201.816 241.623
218.637 244.550 158.718
94.671 94.768 126.097
240.909 58.148 129.169
152.305 249.646 142.769
161.112 29.877 57.771
51.546 180.703 202.730
59.127 59.298 61.984
208.391 237.382 14.128
137.378 33.840 102.149
227.466 189.940 228.598
9.888 246.498 120.191
110.032 83.821 233.259
178.091 85.131 172.779
27.153 16.931 171.844
93.297 114.959 160.192
232.911 231.933 241.706
56.535 1.227 207.890
7.425 43.234 210.341
51.282 160.573 224.669
134.396 21.321 123.469
121.109 134.021 139.894
160.052 248.563 188.789
117.524 151.239 137.313
9.831 5.532 57.478
12.103 44.626 71.010
19.043 62.477 156.717
5.907 149.940 130.974
223.553 204.960 220.046
45.720 246.818 229.014
60.907 228.344 49.896
225.292 12.591 170.714
122.000 104.984 214.414
101.173 232.931 5.908
12.883 43.512 20.473
141.571 177.329 224.376
145.432 176.538 56.169
211.939 11.297 238.806
21.916 78.746 154.573
164.033 213.804 85.614
239.213 120.993 209.747
80.367 34.752 83.613
94.455 139.635 132.700
165.327 218.134 40.235
235.166 65.841 138.332
81.434 207.575 71.149
82.309 175.025 186.510
178.435 241.367 108.441
35.970 13.500 179.825
23.580 243.668 237.399
228.012 36.417 164.879
164.015 99.058 236.486
177.493 185.332 174.756
160.901 31.340 245.870
116.952 177.343 108.792
102.002 98.854 173.861
140.341 15.829 189.234
234.980 44.014 180.615
162.651 100.291 239.171
193.361 208.802 216.654
134.938 137.451 140.970
138.974 39.580 168.710
152.878 78.333 85.261
23.337 228.506 157.089
24.376 228.048 84.806
142.306 2.813 62.669
7.082 121.695 26.507
200.747 151.395 32.226
125.101 241.921 238.586
165.764 149.566 207.632
92.115 190.811 188.552
81.409 220.295 25.948
38.489 231.909 178.366
132.807 189.482 86.870
142.687 118.698 214.499
58.408 176.514 194.978
237.327 203.538 1.733
157.669 194.384 23.235
192.227 1.957 146.285
31.675 19.206 173.371
200.884 16.843 204.891
18.075 225.878 246.784
210.434 30.966 198.115
182.735 228.532 134.029
0.640 134.700 106.332
107.485 31.314 110.725
40.515 81.703 63.470
84.645 209.648 38.707
95.994 139.664 133.005
173.457 44.252 187.076
123.402 197.092 31.401
143.467 0.869 190.454
66.057 92.861 242.379
103.357 116.579 46.599
223.884 152.848 155.863
238.243 63.699 132.335
150.377 16.811 77.826
3.600 232.752 43.826
119.131 54.708 197.684
224.926 50.910 225.310
159.847 135.891 152.602
133.783 158.456 75.019
130.427 241.078 131.220
19.299 95.471 218.150
27.893 43.611 111.121
186.597 19.997 201.051
125.490 73.810 181.988
203.776 20.981 26.131
208.563 61.039 119.383
227.382 78.941 42.041
168.563 25.506 155.720
226.712 146.658 46.212
169.344 228.419 38.526
14.931 99.883 71.249
163.425 34.643 23.243
42.987 204.764 120.868
195.842 212.629 73.946
182.621 246.317 82.546
3.676 96.416 188.644
65.680 230.989 55.310
179.866 52.573 185.085
181.246 226.647 211.319
145.800 178.390 60.109
170.063 187.176 118.568
87.121 211.744 200.618
217.943 68.666 243.554
213.961 81.327 104.426
90.671 222.350 182.897
232.220 246.891 80.144
50.103 218.634 113.535
72.957 226.822 29.295
232.079 74.967 33.237
187.391 211.595 248.246
148.870 237.185 212.358
129.612 82.511 12.247
240.919 192.761 130.400
33.095 80.672 236.711
174.518 209.738 212.789
42.504 82.806 69.929
156.366 2.155 76.238
224.899 76.111 207.636
151.346 133.554 209.455
157.072 198.395 57.419
25.175 101.791 236.635
212.832 130.738 45.305
125.864 75.344 112.738
50.858 163.290 231.262
93.064 212.505 81.996
199.287 112.826 246.634
134.837 9.429 33.185
216.258 64.553 242.363
113.935 31.488 243.545
137.270 59.304 99.109
184.383 30.383 11.630
138.468 241.981 53.511
229.916 42.462 226.938
81.040 198.931 112.102
58.638 17.746 196.787
119.147 220.804 146.599
136.995 187.806 86.772
232.799 244.205 90.083
150.311 213.375 1.983
115.654 154.370 138.121
121.798 224.826 16.320
216.178 10.844 160.715
170.094 240.054 90.361
224.031 90.325 62.904
220.410 22.423 234.078
136.200 165.107 235.555
51.662 137.089 206.874
61.809 75.116 16.080
203.973 134.249 152.472
208.979 66.557 97.763
19.978 108.904 158.074
5.887 33.541 169.489
241.150 111.517 197.863
62.651 52.516 212.947
58.658 233.153 60.690
94.131 194.908 195.370
155.907 129.805 220.581
150.188 70.133 113.147
76.725 0.700 199.177
238.566 144.555 127.184
34.733 77.612 153.682
160.238 204.869 192.892
196.964 218.361 211.181
203.294 197.489 240.091
209.349 231.468 191.127
82.480 207.164 7.604
148.282 196.980 185.635
23.526 166.686 82.271
8.233 42.806 107.588
55.914 46.692 222.556
218.499 122.679 102.494
180.004 24.871 5.462
212.246 13.902 75.514
216.905 78.795 83.290
45.791 124.308 108.135
73.266 61.433 138.340
212.000 63.906 76.109
225.103 76.129 63.041
186.751 61.051 70.779
242.902 26.727 120.377
23.002 10.981 73.984
241.082 21.352 206.075
143.373 63.025 99.747
156.976 201.494 197.387
80.138 35.547 75.943
52.276 236.352 204.117
96.528 240.777 67.352
133.955 181.024 228.591
141.279 71.201 135.793
56.827 116.385 148.126
199.133 71.399 190.607
174.833 3.558 212.610
191.699 187.025 230.112
20.980 169.993 210.341
57.889 30.603 119.837
24.431 111.756 154.994
239.774 235.639 239.993
157.181 223.822 162.509
239.720 179.033 38.189
243.112 206.823 73.611
45.434 181.218 231.372
192.246 249.687 23.930
231.955 48.259 178.942
237.863 107.521 57.199
59.484 224.608 23.701
30.253 220.346 169.776
228.912 64.735 218.116
195.344 222.915 215.095
205.272 191.429 136.956
40.379 98.143 114.313
41.653 90.359 183.463
136.053 151.033 193.511
54.588 208.227 118.432
211.009 230.291 72.835
205.442 77.172 86.143
74.663 204.727 70.835
28.660 101.251 225.510
163.970 52.307 65.663
238.216 36.782 17.751
35.003 47.925 112.236
170.432 33.165 241.086
191.561 18.477 243.899
53.062 174.662 90.023
128.442 191.097 211.783
239.554 79.160 138.948
230.536 76.868 206.254
243.127 79.069 141.776
239.924 171.408 240.119
164.369 225.197 185.687
0.949 246.054 80.692
213.857 193.960 211.004
224.891 32.229 165.095
4.234 244.686 239.771
87.978 169.865 177.711
150.789 15.459 77.116
102.467 239.264 157.305
211.945 245.908 97.716
156.576 200.205 214.378
51.604 162.785 183.984
127.718 227.831 40.425
110.160 149.594 158.841
126.275 117.870 159.442
129.080 77.136 114.338
49.504 105.935 143.489
135.311 49.474 247.892
121.207 11.196 148.762
67.037 72.284 136.515
82.265 126.924 30.033
39.331 121.702 231.276
125.415 175.404 177.694
159.619 207.620 197.657
249.769 111.094 14.748
110.832 200.491 120.582
49.652 172.060 229.117
2.824 238.420 78.718
27.985 186.041 205.340
159.162 249.182 76.127
127.306 155.275 209.161
32.143 226.391 113.407
109.146 236.776 193.855
240.512 158.362 41.764
80.893 213.864 73.444
163.490 31.763 245.214
83.018 231.017 48.631
154.420 115.885 18.379
193.097 69.563 183.022
50.509 235.724 209.118
190.998 134.783 67.225
170.712 157.323 205.995
228.505 47.315 49.435
153.271 65.488 85.690
25.258 18.168 170.651
52.658 116.979 94.358
194.893 105.980 97.419
228.401 248.050 180.581
90.937 123.140 157.372
91.103 187.362 215.919
175.116 48.027 178.916
79.746 238.795 40.261
47.942 82.689 75.144
205.904 236.377 17.868
246.731 146.342 55.588
213.229 143.892 6.049
161.703 40.373 83.364
92.306 6.575 11.519
15.323 195.984 245.836
17.825 147.451 143.496
182.672 93.521 187.804
205.318 41.676 75.450
192.905 140.912 248.829
125.973 15.950 208.958
217.086 198.620 8.646
108.365 174.589 243.715
182.699 40.323 13.874
30.259 144.803 171.948
148.258 115.954 21.578
160.822 163.218 16.968
65.358 146.733 66.915
49.924 206.181 112.200
111.331 61.096 11.630
184.999 233.286 211.660
240.867 180.305 44.418
218.471 154.454 249.153
113.602 38.383 14.688
105.225 81.527 196.483
103.581 95.442 214.460
116.174 222.413 134.719
239.029 19.242 51.348
197.432 215.890 74.466
5.639 194.214 205.519
144.397 85.744 132.128
162.717 212.590 206.787
243.244 173.129 25.956
44.527 179.042 202.679
47.763 112.703 231.389
248.555 191.682 160.888
123.558 42.473 126.533
79.664 138.538 43.232
13.070 37.667 95.416
174.191 30.191 188.158
15.278 13.935 111.456
53.414 248.948 221.682
161.234 214.922 209.061
55.215 62.911 56.448
220.497 236.523 58.550
238.698 17.067 209.503
181.070 20.489 242.220
134.871 238.070 140.925
149.052 174.233 56.125
118.440 186.415 173.009
67.831 25.901 208.832
231.708 74.797 137.761
13.171 222.104 207.387
122.237 25.890 66.502
152.980 15.105 112.883
171.968 42.286 205.264
94.134 131.797 181.574
173.248 235.856 84.412
22.688 212.869 75.888
126.053 3.962 112.322
131.322 143.633 98.032
36.907 59.986 86.587
186.547 63.366 225.973
78.617 209.383 201.906
184.998 21.514 232.180
144.075 224.159 137.451
115.256 176.330 162.906
49.783 89.844 195.329
243.981 49.909 81.374
12.989 29.180 173.982
223.674 49.073 32.386
162.049 97.140 15.825
60.221 185.925 162.616
145.343 11.263 14.843
196.484 35.008 68.612
89.155 239.042 101.109
209.297 59.271 123.646
249.387 66.530 234.579
142.715 173.924 159.352
164.799 65.751 0.120
138.718 7.932 192.325
120.482 98.658 45.838
41.387 227.418 246.768
142.272 175.862 184.408
81.046 238.080 34.486
229.088 42.576 7.825
111.964 188.829 147.322
166.693 152.302 58.529
233.748 35.653 54.596
51.800 123.027 225.669
204.664 20.382 26.967
40.932 130.925 201.319
168.533 65.401 7.850
148.036 105.147 146.312
135.947 47.440 248.155
201.689 122.508 121.586
212.690 101.469 63.616
182.398 96.242 188.503
204.729 25.821 242.429
134.802 9.604 33.678
44.470 195.735 0.543
142.715 136.146 201.531
114.373 156.599 169.837
193.223 71.609 188.267
147.607 245.260 126.104
197.862 151.365 40.537
12.606 123.345 230.785
32.882 93.655 185.541
213.666 3.854 25.855
222.655 242.157 243.129
192.553 82.600 165.312
202.860 59.611 104.602
58.679 235.420 66.640
247.453 36.531 189.426
95.047 248.849 151.207
56.434 171.716 73.734
119.284 220.691 142.933
239.900 71.007 89.639
225.184 189.189 3.316
32.492 12.633 104.670
245.850 81.053 141.077
65.624 71.571 77.612
201.513 51.336 97.626
154.846 136.404 59.448
58.011 180.842 204.503
211.834 72.965 247.345
14.657 200.778 74.450
43.480 212.292 246.862
29.657 226.851 84.677
132.440 22.417 195.896
78.525 74.718 125.548
54.405 75.708 135.101
167.951 187.781 33.322
223.293 117.325 85.193
51.640 132.543 249.086
221.603 141.481 38.539
165.320 187.610 202.281
216.599 95.953 48.167
82.834 57.167 5.690
146.492 160.614 228.835
133.886 17.537 146.750
206.090 16.923 29.439
111.562 2.886 224.209
207.134 188.814 39.856
57.263 175.118 192.296
137.175 62.924 90.770
230.293 41.501 62.044
97.495 49.662 227.386
171.336 70.081 128.140
5.684 55.858 25.684
12.742 247.560 124.769
245.873 248.178 150.263
111.549 247.247 129.940
67.935 97.297 247.966
129.648 247.055 224.069
235.769 55.391 129.865
177.541 149.371 61.792
71.190 2.562 231.279
236.765 64.520 134.991
150.440 12.523 77.543
24.945 153.410 65.633
228.366 92.096 211.171
57.838 245.676 234.351
149.604 199.511 42.819
76.360 69.765 134.465
41.706 31.692 224.353
43.326 97.651 153.322
37.151 136.094 214.108
102.852 197.315 205.219
140.631 242.399 51.083
194.468 89.765 88.065
237.964 143.565 20.947
176.103 197.303 149.867
179.468 29.312 174.531
40.749 24.498 234.217
195.644 141.269 60.390
52.992 84.691 180.836
39.049 72.140 14.927
22.189 209.624 135.688
89.411 59.425 228.699
10.310 240.289 158.073
120.859 46.222 169.653
0.212 235.967 78.533
43.203 130.952 221.852
192.242 219.870 127.230
177.048 204.786 211.234
224.237 98.120 64.987
53.137 197.045 103.047
116.669 21.627 38.525
222.528 105.830 8.175
112.652 88.293 189.072
236.220 238.184 234.586
170.473 128.728 4.364
221.849 241.824 245.029
126.929 0.563 248.157
205.711 68.584 23.083
127.094 146.867 9.752
156.031 200.836 204.356
85.558 81.205 119.365
46.784 235.394 153.084
239.467 161.903 226.638
195.944 140.269 62.182
185.034 98.487 198.083
155.149 82.794 79.269
103.963 62.833 16.509
161.376 86.446 20.430
147.231 73.959 81.683
139.498 238.451 133.395
231.743 148.579 246.760
150.109 121.214 170.532
17.677 246.609 123.258
220.547 61.508 156.650
97.415 98.463 240.792
187.788 233.475 146.137
16.243 215.304 69.355
76.680 221.180 220.365
43.097 89.378 184.348
108.422 27.200 112.257
175.968 31.502 239.411
231.497 240.562 137.533
2.431 247.150 173.466
179.084 30.432 241.008
145.984 244.391 127.776
51.391 177.125 156.325
41.574 163.571 217.072
236.389 151.384 106.306
123.200 137.519 219.114
90.104 10.048 202.187
32.370 128.788 248.276
191.799 93.061 83.226
162.024 240.773 152.572
35.452 143.846 182.266
61.421 85.329 199.361
219.692 34.587 217.041
0.651 246.988 82.432
116.212 164.166 167.657
36.007 137.946 216.217
102.281 35.615 41.436
41.417 1.083 178.656
63.852 55.921 147.012
137.624 90.454 113.577
47.759 238.630 204.946
181.741 246.091 87.738
49.867 162.610 55.862
215.823 39.477 206.836
185.367 63.212 112.177
157.007 125.524 168.916
161.692 189.899 64.558
236.171 113.093 195.817
222.457 225.601 27.128
59.904 6.532 39.835
203.051 9.923 139.289
133.273 20.061 106.642
217.935 40.904 91.337
138.193 200.395 81.773
91.625 73.881 241.912
194.546 216.456 132.883
69.395 237.751 209.107
229.325 71.655 26.777
133.071 17.662 112.539
82.209 197.297 200.048
213.039 34.978 197.337
37.290 222.482 17.620
106.282 205.387 36.440
202.280 138.657 172.570
43.045 171.098 204.974
190.234 14.268 247.327
144.607 121.786 54.758
134.879 12.973 16.868
83.247 170.001 170.809
151.215 214.025 36.395
150.597 249.070 221.163
208.016 70.125 69.897
117.034 172.038 116.678
21.033 151.353 85.863
71.174 1.133 231.082
186.063 19.832 198.088
183.702 47.783 24.192
86.922 17.713 228.660
60.281 112.857 238.617
204.372 230.469 111.525
153.204 226.210 140.949
41.609 114.437 211.076
108.728 103.908 69.474
76.303 148.136 213.491
71.416 109.532 165.043
227.194 77.544 203.579
177.956 95.982 156.570
135.108 128.125 34.243
153.844 201.758 174.107
10.758 87.930 225.264
185.181 224.460 91.353
117.486 187.776 116.575
31.406 6.991 55.574
107.398 106.702 173.464
247.887 163.863 227.430
235.326 113.085 178.135
49.829 113.084 246.261
209.589 45.870 70.749
160.129 206.355 181.288
52.822 171.109 210.443
190.298 203.694 148.472
232.834 109.423 192.479
59.492 240.312 222.519
24.086 142.852 83.138
208.115 87.094 121.229
234.638 97.484 246.726
54.474 171.517 187.447
165.348 1.389 218.440
232.293 10.818 148.539
243.273 111.769 194.080
189.657 123.925 49.400
15.456 148.224 150.170
44.153 43.442 73.074
240.195 169.419 33.376
33.556 174.501 72.609
87.197 29.012 103.520
31.593 87.524 149.872
171.005 233.753 60.395
150.523 16.243 202.620
18.241 228.165 81.488
159.926 102.067 5.708
109.703 24.264 113.599
126.096 246.549 157.271
109.922 188.766 21.846
187.700 155.358 24.121
151.169 45.384 37.280
114.132 1.117 10.251
43.362 84.546 1.569
169.696 36.321 182.853
214.986 23.046 143.256
241.549 78.874 224.907
21.373 163.895 214.336
180.942 152.072 65.191
107.684 230.734 26.515
139.101 55.834 193.896
150.307 106.524 87.280
68.166 221.267 229.658
178.669 17.878 200.463
204.297 51.020 93.876
192.478 188.216 230.445
194.574 138.666 158.590
108.607 125.172 155.268
142.334 63.577 103.341
48.195 140.019 95.129
178.664 155.722 202.413
92.092 84.191 236.404
220.662 79.015 211.758
151.374 183.127 220.171
195.314 77.198 65.393
37.113 29.326 241.752
84.570 140.725 88.208
6.467 28.431 88.808
122.862 158.746 173.491
72.661 139.890 178.596
207.339 63.091 245.009
8.075 226.995 49.486
45.223 148.861 184.908
83.866 206.806 200.560
139.087 30.037 63.657
40.587 92.996 155.682
221.928 98.164 1.383
148.010 52.322 247.026
103.548 215.149 225.953
6.806 58.290 223.181
100.020 102.280 210.964
218.996 38.413 112.118
53.225 91.222 226.802
169.382 154.585 67.184
2.600 167.412 90.799
116.469 155.351 130.106
225.474 195.266 4.644
163.844 249.041 64.499
53.419 106.040 81.114
39.536 142.186 81.760
147.902 56.676 244.879
34.921 108.009 226.630
51.793 225.583 2.069
132.328 112.236 107.257
140.259 217.012 184.852
122.434 1.254 126.970
218.956 58.351 236.220
75.056 154.937 206.021
168.956 146.835 59.261
122.877 193.184 22.410
21.910 48.436 31.319
196.820 194.690 47.889
248.497 248.483 149.616
79.166 161.961 198.005
14.186 147.112 134.872
91.159 138.797 161.603
207.884 52.879 10.777
37.869 214.350 12.764
39.309 173.973 114.158
115.292 139.217 140.490
67.455 135.430 170.712
145.034 113.990 79.271
57.958 88.047 24.465
152.960 197.766 140.079
216.042 240.215 227.231
15.419 100.984 70.706
64.593 64.067 17.301
82.355 217.126 229.099
108.706 2.593 225.648
40.082 59.601 229.647
78.728 239.605 166.075
148.775 6.025 190.789
193.282 215.364 82.373
164.858 70.033 9.536
127.330 65.597 198.181
97.736 199.140 194.384
191.957 169.066 2.413
52.221 131.227 27.502
135.125 40.847 65.328
163.961 187.357 31.672
147.660 31.312 167.160
158.736 160.315 64.541
120.057 231.998 25.190
108.609 107.558 212.954
72.122 241.356 46.679
37.166 72.391 75.432
29.025 225.342 158.522
97.220 202.307 221.186
215.441 51.143 124.099
216.970 113.560 169.881
188.214 76.769 2.517
151.540 211.854 30.156
249.943 81.722 44.567
231.789 41.658 166.351
147.135 56.368 79.018
135.162 91.439 111.801
142.209 173.480 72.210
58.587 93.314 239.112
249.426 127.010 75.139
145.688 39.977 28.973
192.203 92.114 86.805
139.106 211.739 183.660
156.768 167.811 28.968
163.609 248.503 78.094
206.619 167.138 181.785
140.036 39.531 34.701
213.431 243.002 114.628
249.851 49.554 111.089
76.138 89.059 88.424
59.260 13.967 229.547
246.495 54.721 132.719
224.858 55.586 167.618
170.957 8.545 29.436
154.029 214.907 148.782
34.107 149.782 73.586
43.313 141.064 153.456
130.810 248.080 194.470
130.829 7.094 183.629
234.727 248.418 227.551
156.404 126.947 169.081
227.239 46.512 228.638
155.040 45.520 106.574
6.615 105.275 219.015
164.859 199.575 245.829
150.286 47.695 247.456
44.213 61.591 10.841
11.947 212.075 72.629
10.219 89.438 227.773
34.772 193.222 214.345
94.040 63.644 247.470
193.761 143.109 155.934
107.393 47.204 234.046
64.945 119.566 181.069
243.871 30.909 22.524
129.883 7.301 73.388
157.472 75.187 150.023
182.107 91.382 187.237
17.345 57.875 188.665
68.419 246.724 100.681
231.392 240.736 90.823
114.029 150.028 164.477
185.815 230.472 147.372
131.277 74.605 120.790
135.446 6.661 183.645
234.406 136.146 76.844
218.274 45.287 5.941
125.302 224.412 192.560
47.987 111.095 223.570
108.429 146.656 155.175
166.522 224.081 196.612
61.720 224.855 82.596
228.880 25.491 163.194
17.577 75.959 203.025
20.649 123.176 230.324
28.412 50.794 113.342
121.381 4.170 242.830
39.235 181.620 238.505
32.929 194.599 242.324
116.101 129.053 51.367
1.177 233.900 77.152
82.859 124.458 20.107
206.437 159.143 236.680
33.426 144.103 249.009
20.133 8.546 62.241
86.486 62.794 151.983
210.660 240.307 148.760
136.479 219.215 141.344
234.078 68.792 147.423
6.072 135.899 109.308
60.325 54.117 237.679
105.995 25.298 114.886
41.137 86.435 46.904
128.847 159.410 156.816
209.905 225.618 76.276
12.594 55.595 221.042
164.493 203.511 200.694
58.637 224.688 234.160
191.205 107.416 10.744
212.941 60.345 224.472
96.847 234.441 119.705
74.787 185.713 199.668
81.791 7.505 167.156
130.487 246.937 233.847
22.214 133.722 131.705
100.697 209.148 203.841
113.712 51.004 119.406
1.428 13.447 72.086
143.410 8.038 60.245
18.052 215.329 7.687
143.695 101.031 191.951
112.472 236.592 100.166
13.029 40.265 213.196
197.701 128.028 152.861
115.496 157.660 217.387
207.587 239.586 180.611
34.880 222.519 226.672
207.992 148.572 207.060
246.458 169.997 162.785
113.948 60.699 200.984
240.641 66.785 205.237
31.408 205.065 101.357
63.990 121.310 245.655
61.408 78.510 230.476
5.574 190.570 39.059
11.284 184.244 171.449
244.392 111.033 57.549
153.025 0.659 86.090
53.233 215.173 25.526
160.790 164.550 8.701
222.005 106.315 67.508
153.070 141.974 206.636
86.379 189.178 180.291
14.227 150.513 177.691
149.548 181.005 247.581
34.475 129.968 239.880
13.965 56.086 221.583
66.187 249.737 98.714
81.341 34.739 84.052
228.337 39.341 46.470
214.018 103.631 66.482
82.828 201.370 199.589
229.043 93.053 209.786
52.550 154.470 69.708
23.901 19.352 48.051
179.527 15.525 242.741
164.182 200.909 170.723
1.279 26.057 202.293
2.640 53.639 225.017
240.392 9.712 94.611
87.228 241.774 180.570
42.516 176.227 204.291
182.409 196.460 152.815
78.329 208.564 52.619
201.718 56.746 217.499
185.469 4.084 174.913
74.297 68.673 132.119
118.692 162.850 125.029
84.514 198.486 179.311
59.346 85.697 233.891
37.933 91.642 183.471
89.127 247.226 138.497
195.781 73.626 186.851
232.143 91.701 149.369
58.972 95.438 239.465
178.782 242.039 151.393
108.342 174.335 102.892
193.928 62.431 230.556
28.145 28.463 127.738
125.011 93.811 220.358
188.506 198.154 151.098
231.430 75.973 35.397
126.189 132.027 143.100
237.718 65.776 223.137
235.113 97.340 202.829
35.551 131.969 0.453
12.151 238.148 192.759
64.942 197.401 21.675
45.554 66.111 159.354
175.739 145.213 61.868
208.052 214.631 70.365
101.028 143.111 148.128
121.936 7.549 162.883
155.833 1.884 176.155
185.867 68.317 223.770
197.819 3.468 123.749
173.972 205.609 211.269
42.120 127.827 221.380
246.892 23.218 203.629
172.605 90.069 174.977
21.752 203.795 85.612
240.556 120.654 23.947
136.127 19.508 5.244
145.037 138.871 149.228
35.548 247.647 43.368
177.262 61.582 207.449
200.488 51.259 246.076
207.655 38.606 1.525
181.247 210.048 54.810
161.121 132.733 207.391
149.529 132.316 172.615
102.178 184.847 154.331
173.149 219.025 209.033
2.296 118.874 196.177
234.340 27.675 3.815
51.759 109.452 228.875
8.753 94.239 137.326
237.246 46.562 26.272
209.218 80.866 206.776
88.366 211.093 1.552
207.236 62.005 231.793
94.026 211.888 2.514
221.898 111.311 208.803
239.942 29.588 65.611
190.794 6.300 146.651
13.984 2.756 236.205
80.501 21.384 220.834
148.205 122.231 176.255
237.013 123.545 142.957
151.287 158.689 17.367
52.075 93.249 227.211
62.866 34.299 164.423
212.960 20.157 238.753
41.943 135.695 207.739
10.226 143.983 169.807
122.265 225.648 17.840
191.709 35.198 13.459
120.403 115.328 163.913
95.660 226.451 225.910
238.349 243.640 90.725
151.828 90.647 246.645
32.011 170.681 57.329
44.266 156.042 145.507
137.626 7.175 201.501
227.980 162.466 240.321
20.860 230.492 121.467
170.177 91.012 42.121
21.469 57.518 217.688
205.350 136.005 70.594
243.061 31.925 58.982
229.994 6.241 77.392
245.669 65.721 62.282
155.838 29.608 79.759
231.358 117.931 48.138
83.415 0.532 232.879
43.048 89.242 197.693
66.947 102.629 229.007
81.811 222.654 225.424
80.435 81.206 102.866
136.265 107.752 63.576
79.398 243.853 191.190
98.450 95.837 207.243
113.033 33.100 242.255
151.104 203.894 46.106
210.386 179.971 121.408
242.411 50.009 209.808
101.008 241.132 163.105
42.068 8.453 74.311
105.735 194.052 87.671
40.095 62.376 180.199
47.828 105.861 142.838
84.766 137.576 97.132
170.396 35.318 21.953
151.110 208.201 42.141
159.779 235.227 214.065
115.255 158.623 171.000
102.053 40.366 167.240
187.767 75.816 178.176
239.601 27.406 121.727
1.903 18.524 88.736
201.466 122.551 120.564
138.544 2.920 206.913
53.362 68.654 249.681
238.820 122.182 208.632
0.678 143.734 172.735
187.929 155.732 2.148
66.243 132.772 126.731
235.879 149.718 6.997
27.460 96.978 241.827
207.860 64.774 244.873
174.809 117.699 28.773
142.309 6.604 63.592
85.986 172.469 205.718
17.951 228.182 246.086
224.762 67.851 63.979
183.175 32.354 246.194
53.731 147.164 215.875
166.832 72.948 220.606
12.021 51.744 215.991
221.392 241.750 45.457
167.960 15.376 27.328
152.160 141.010 220.765
79.700 231.529 29.589
83.132 10.332 209.095
185.348 35.693 12.718
23.806 33.369 195.848
10.629 208.685 13.970
104.522 249.629 175.211
131.136 247.551 223.928
57.164 104.797 77.458
224.340 45.677 122.147
159.182 40.535 219.016
143.419 118.702 205.679
131.319 70.668 128.842
198.244 37.498 24.932
154.031 200.884 57.186
127.479 50.372 8.264
158.647 204.763 196.239
46.809 138.955 153.508
1.724 93.015 107.509
130.901 81.397 98.085
115.580 149.441 155.332
38.328 28.362 164.165
198.942 11.045 213.093
222.453 66.951 66.105
29.049 170.892 32.175
31.525 248.302 41.799
224.803 67.918 64.243
141.820 89.889 160.497
234.191 39.159 232.068
177.972 40.622 181.509
213.041 0.460 183.237
116.389 230.256 10.447
49.746 170.673 210.593
39.798 97.157 249.195
6.267 138.102 220.398
7.515 209.816 198.613
14.937 154.520 191.385
217.047 90.684 84.007
231.900 123.106 132.756
180.933 196.358 152.211
187.005 37.917 18.251
185.962 151.865 211.740
144.512 203.314 213.220
132.494 18.116 23.727
46.029 59.039 46.947
11.960 106.756 222.738
239.414 44.605 75.769
36.181 210.678 239.041
26.897 146.744 173.861
122.866 210.219 10.701
93.954 94.754 208.520
137.606 117.597 171.690
90.372 220.484 66.264
2.286 240.652 136.947
159.974 116.178 12.465
139.012 118.923 31.407
49.032 175.534 227.052
228.787 3.929 76.807
8.113 55.721 219.669
222.445 22.580 164.805
74.486 136.291 23.407
193.479 217.398 50.900
132.115 183.777 66.489
197.645 230.127 175.570
123.608 144.961 172.434
76.483 203.275 28.570
151.609 197.564 140.295
55.636 202.616 173.037
51.962 156.701 71.877
57.607 88.737 236.025
28.756 150.936 75.741
99.540 90.293 206.011
89.437 245.752 170.646
15.343 194.898 245.421
144.116 78.193 128.500
243.359 213.305 41.028
152.151 104.368 188.962
151.296 4.309 18.265
201.597 213.536 195.925
26.231 100.736 227.918
147.768 186.952 243.531
203.230 141.358 152.988
20.006 104.195 123.988
47.678 236.887 155.510
67.760 245.346 49.589
202.984 44.706 217.322
183.285 190.211 153.772
238.269 117.369 52.637
227.288 26.760 42.814
102.052 127.583 9.516
100.639 1.628 30.852
117.242 246.871 115.908
238.142 241.482 100.121
117.093 81.090 121.553
217.111 204.174 219.751
175.830 151.798 0.089
14.839 113.030 35.041
29.890 219.795 83.659
146.165 218.276 40.253
155.464 199.807 195.958
191.717 228.104 123.641
198.091 53.785 192.071
134.000 153.694 174.356
28.486 70.716 227.751
204.998 9.640 137.252
179.366 126.620 229.617
46.425 112.990 240.089
46.490 200.234 84.647
247.814 23.095 123.325
198.949 208.170 236.728
189.655 224.691 239.654
57.752 169.110 192.075
152.926 48.931 106.526
175.195 27.133 89.621
243.918 75.491 184.061
107.484 186.568 21.262
241.157 183.937 137.274
65.097 28.774 2.865
246.120 14.427 204.221
26.558 164.988 213.566
72.231 27.530 219.241
166.783 33.609 182.189
154.883 186.460 186.936
147.313 217.030 212.971
163.410 202.579 37.369
201.968 190.623 234.509
131.988 27.802 97.778
32.278 23.195 40.128
23.404 15.214 106.270
221.359 44.187 228.814
65.748 143.214 177.584
130.322 81.825 98.862
154.746 199.517 56.362
152.150 72.536 158.404
44.966 109.615 229.636
129.716 99.228 19.104
142.566 30.522 110.489
206.954 102.236 73.069
225.942 59.106 156.431
43.953 203.947 90.427
2.049 9.212 213.985
199.226 25.321 194.870
199.345 94.769 82.600
25.603 148.939 176.244
161.769 195.571 138.974
246.538 126.904 77.212
221.160 205.618 224.056
186.198 80.126 6.183
228.751 108.068 183.629
146.020 185.362 188.795
91.110 226.438 29.276
18.521 178.109 159.412
246.348 151.773 56.193
148.662 241.139 211.954
174.554 4.032 121.114
15.300 158.732 194.656
198.344 19.792 181.814
37.418 211.211 103.516
36.378 91.662 154.287
24.550 236.078 195.841
23.625 138.529 177.275
15.020 80.147 185.474
129.112 74.573 207.857
101.024 3.909 61.788
230.806 93.681 121.070
131.867 115.779 130.454
205.778 105.625 172.776
185.679 23.065 241.947
12.622 172.058 153.049
25.483 233.576 200.133
98.507 119.529 132.653
69.593 232.249 38.240
79.485 137.909 43.035
156.405 242.645 37.402
200.633 24.623 135.600
217.631 93.095 80.203
190.947 63.392 14.666
131.506 220.997 154.137
215.544 79.145 86.935
159.566 215.142 82.278
117.030 23.907 39.122
207.640 13.873 153.992
221.806 95.584 60.077
20.373 206.299 87.875
245.672 24.400 122.634
103.863 116.313 47.223
160.147 53.578 227.792
48.353 131.862 27.405
40.319 68.392 249.933
44.644 200.111 86.130
223.944 10.865 207.978
24.047 138.643 155.259
145.830 182.544 248.023
46.542 151.364 235.580
76.459 71.236 129.573
211.307 189.636 214.097
225.842 141.715 93.435
175.338 220.505 209.744
146.812 215.068 213.290
248.131 67.139 78.012
171.915 198.975 201.009
147.029 244.677 127.495
103.896 25.019 114.387
127.338 226.728 47.456
18.573 166.991 89.258
98.341 173.724 93.748
142.799 36.233 247.126
96.442 165.353 166.878
74.035 159.918 190.501
100.654 178.207 166.747
156.281 162.043 244.626
185.913 224.214 186.603
177.711 186.819 174.314
182.378 247.025 87.661
166.817 184.530 33.569
148.659 212.522 20.166
204.321 66.551 207.116
114.496 176.410 162.684
227.469 174.087 208.948
43.500 137.629 28.926
117.985 187.272 175.370
35.355 91.609 218.768
106.779 198.331 162.563
61.929 92.613 237.609
121.221 242.183 166.562
44.718 170.874 204.149
236.921 244.618 248.822
100.133 137.748 148.937
30.657 156.176 77.723
133.295 185.523 9.732
17.630 43.341 84.789
156.820 209.378 180.814
161.512 86.265 189.825
214.128 40.756 184.265
235.917 32.802 172.436
108.115 188.067 21.931
237.613 83.243 68.600
158.285 5.114 81.864
215.526 5.591 93.206
179.417 248.385 80.098
216.487 52.484 123.404
106.516 179.055 159.942
17.804 0.154 245.571
240.036 32.858 35.658
107.484 128.971 153.663
9.456 2.328 192.029
193.074 174.090 136.208
123.023 144.157 211.569
232.855 140.446 125.740
57.871 182.070 149.330
224.914 62.338 152.474
195.367 209.071 148.083
129.979 236.729 8.998
176.626 31.865 22.369
110.987 170.484 168.375
201.747 137.819 154.118
235.471 244.324 90.327
112.854 166.255 187.673
224.979 92.227 62.894
130.451 13.262 208.734
237.123 115.376 178.109
101.612 237.058 115.261
101.571 6.465 244.751
226.439 38.257 135.282
156.169 72.380 86.514
92.954 28.065 110.436
240.657 55.953 76.837
117.279 185.059 76.056
236.642 138.195 65.578
130.218 171.558 24.552
249.913 83.195 35.827
145.126 227.406 178.561
139.841 141.852 199.998
185.705 237.360 30.780
200.939 37.572 109.312
10.313 248.969 121.788
235.163 42.009 178.951
182.863 199.964 228.781
154.521 153.744 8.889
232.199 249.690 155.367
55.706 61.402 63.127
245.560 67.586 105.175
48.912 33.432 4.750
212.222 65.052 77.127
48.880 168.068 97.649
159.206 213.573 75.732
135.027 33.257 172.188
68.520 152.088 193.252
35.825 178.668 113.878
52.344 85.059 73.119
47.465 82.837 227.750
5.767 58.495 223.595
164.886 206.304 67.924
83.369 209.697 195.283
46.336 83.850 7.874
16.299 8.675 235.650
187.967 54.321 219.514
15.640 198.426 7.989
37.385 140.290 42.025
241.366 159.970 41.604
248.895 120.185 158.497
188.444 229.703 183.462
216.948 137.235 127.060
140.654 27.085 132.918
45.406 171.529 209.976
63.716 155.724 0.594
211.942 19.194 166.535
16.458 222.341 241.588
143.422 101.390 205.366
115.660 226.315 130.980
228.163 103.304 236.400
80.531 17.032 101.999
152.849 43.129 77.506
231.437 47.885 151.831
175.939 198.493 37.566
145.276 210.349 42.169
237.701 92.281 68.968
247.206 105.068 72.935
56.371 123.673 65.153
163.484 240.402 158.901
33.042 156.384 72.360
176.120 89.451 173.482
230.645 142.224 115.197
222.236 112.322 151.165
52.698 44.178 220.126
119.014 157.592 134.210
48.287 38.290 219.715
38.032 170.468 53.783
63.167 83.739 19.293
218.237 210.147 49.261
28.655 189.897 201.440
201.962 122.422 118.612
187.807 27.109 9.537
85.049 8.522 102.661
40.402 77.789 178.090
98.491 46.143 227.710
46.698 239.781 208.942
172.776 241.471 182.786
140.318 243.319 86.797
36.291 102.075 129.106
26.114 142.702 60.290
35.185 48.067 113.115
86.373 32.271 227.920
58.725 201.466 55.388
112.201 35.219 249.023
223.223 52.532 106.960
111.957 40.825 12.749
181.765 229.986 236.916
35.635 97.880 223.763
247.336 24.068 65.692
172.729 25.169 227.306
245.603 112.161 56.755
165.237 34.217 68.908
205.620 49.446 89.301
61.973 90.186 104.335
85.841 14.082 226.562
226.220 49.376 218.882
106.973 221.175 198.572
99.444 191.654 158.753
141.569 201.752 75.877
213.863 14.576 218.129
146.194 109.794 24.355
111.254 218.857 152.263
249.346 154.000 97.976
120.344 246.959 110.416
114.606 27.285 34.586
28.343 124.897 103.944
43.597 142.812 182.894
24.135 20.044 82.870
152.801 247.431 221.218
143.859 100.898 15.978
249.189 236.031 28.781
154.008 222.140 72.167
6.648 55.738 222.044
194.489 107.587 19.637
67.973 176.936 195.904
124.275 75.518 113.739
156.937 83.237 80.853
231.636 8.830 202.135
50.892 68.383 131.264
57.327 26.990 25.410
33.950 96.062 70.881
0.679 142.421 178.395
55.408 29.136 245.683
122.850 232.470 15.238
126.621 81.016 121.164
145.291 181.564 247.399
143.018 180.353 224.835
63.973 121.812 171.476
200.041 71.554 184.149
118.543 219.378 140.469
179.309 44.928 171.725
52.658 239.738 158.331
30.772 190.637 197.630
13.639 73.924 26.184
192.498 142.576 116.237
65.928 169.406 51.727
221.520 144.495 132.216
7.163 190.946 94.827
212.853 145.224 5.228
231.034 34.886 44.469
193.225 236.476 214.537
222.202 135.165 97.770
34.465 183.387 198.770
116.953 3.823 165.258
144.250 240.372 117.615
239.403 112.298 243.413
6.609 125.737 21.160
144.169 80.377 112.623
246.177 60.446 78.718
5.771 211.023 56.858
150.922 77.032 90.453
155.684 137.763 98.186
247.761 134.216 61.036
160.817 191.235 64.945
130.369 54.141 24.515
52.363 144.898 59.653
221.583 10.013 2.705
105.833 50.334 114.944
245.835 63.099 229.274
236.173 143.859 10.239
112.550 219.339 33.756
151.103 91.175 246.872
238.527 56.242 13.951
41.393 119.367 207.509
197.373 36.419 152.741
207.769 102.851 71.979
241.619 195.719 132.356
16.168 151.078 227.697
213.830 212.062 47.571
11.796 10.762 42.593
220.411 147.339 157.362
136.848 149.541 193.224
249.335 76.645 75.376
101.681 221.635 180.655
138.779 161.495 174.861
152.348 15.448 110.954
115.758 244.855 18.191
147.499 119.620 13.094
123.734 169.428 143.270
223.887 5.149 209.389
90.330 210.321 14.927
47.586 99.198 228.054
27.790 141.478 61.929
152.837 106.997 22.160
8.868 2.427 54.164
185.210 159.055 123.839
141.715 1.292 65.917
230.137 40.203 165.558
114.942 60.846 73.493
29.340 238.572 247.156
6.876 143.679 208.959
108.428 237.103 129.892
235.157 135.846 76.783
182.312 38.235 14.871
40.544 0.328 182.266
218.516 165.412 145.518
182.618 61.068 146.739
221.202 86.663 171.420
80.077 189.617 200.088
76.450 156.840 210.541
146.269 122.014 180.688
113.718 171.119 124.577
150.014 200.430 43.199
241.168 115.854 218.593
245.742 62.502 104.592
202.209 49.530 238.041
129.836 98.449 21.351
142.457 175.998 155.752
43.549 47.636 185.020
234.957 115.752 201.585
221.894 34.500 96.884
244.180 84.069 44.164
22.369 240.962 179.590
224.477 121.043 150.548
239.071 61.335 190.664
175.450 18.695 11.973
48.438 90.112 218.443
233.497 93.940 244.073
184.606 232.729 214.189
227.936 228.884 54.285
73.474 154.265 108.519
86.284 99.153 240.928
123.780 13.807 187.832
29.096 53.860 112.862
83.573 127.105 32.257
131.594 19.046 0.873
170.456 223.897 234.821
211.562 214.687 237.147
160.395 132.062 209.728
16.203 171.839 216.730
112.254 183.476 58.536
208.052 85.276 189.998
196.121 227.345 25.052
227.938 36.307 165.851
19.149 57.197 152.036
18.146 3.305 187.574
99.288 147.048 149.815
46.715 84.635 37.753
49.757 77.636 168.814
223.837 11.761 23.310
160.005 169.902 31.682
119.525 246.020 246.883
42.020 175.875 110.233
229.100 108.380 222.712
23.334 163.458 57.257
174.527 15.838 23.111
28.269 150.759 76.765
156.406 207.967 74.616
86.829 189.050 179.845
47.349 133.599 25.526
175.546 7.434 182.412
162.102 42.427 106.459
135.226 5.769 198.720
218.980 44.226 217.898
12.385 88.126 225.837
179.613 165.616 12.684
70.719 227.657 206.276
199.795 41.092 240.896
205.866 9.191 172.012
202.102 50.665 127.149
95.128 215.568 2.456
166.021 66.156 2.500
61.123 13.687 240.436
63.169 45.212 212.174
77.633 132.564 165.509
217.896 108.697 8.199
161.058 243.479 99.029
59.135 83.155 225.035
135.981 168.898 181.876
91.890 138.147 160.653
18.604 101.461 212.736
189.018 64.780 128.082
231.156 43.284 156.192
33.947 122.080 74.847
203.256 42.344 74.771
157.319 118.976 53.148
76.006 104.582 234.884
156.824 31.701 208.317
11.643 206.697 204.321
170.027 32.478 244.251
167.894 49.528 104.875
96.928 214.759 228.379
67.692 249.261 129.525
126.497 161.559 25.733
209.296 36.692 230.705
101.508 249.122 172.850
106.838 163.607 157.053
82.665 75.910 125.321
185.995 30.245 244.824
88.525 87.632 229.890
203.498 73.547 93.659
126.976 85.961 193.133
202.325 51.533 219.242
9.002 33.109 165.713
187.860 4.900 177.798
245.826 83.245 231.252
232.195 147.057 246.839
199.426 55.289 232.708
216.433 41.444 200.495
108.538 210.551 148.052
245.839 118.242 30.589
120.662 108.838 202.068
140.186 146.131 194.295
90.220 75.304 221.010
100.633 185.904 204.335
76.564 68.717 214.633
114.960 40.270 123.879
149.640 45.704 141.235
17.661 192.835 91.457
93.132 67.097 246.151
83.794 91.429 204.660
240.763 177.991 33.944
143.013 200.741 241.767
21.067 247.113 176.216
39.273 118.896 207.883
235.803 15.384 71.037
134.526 21.939 124.883
180.263 94.424 215.969
243.664 232.016 194.305
243.032 105.838 162.760
4.075 195.467 74.058
201.351 40.830 225.579
208.418 5.267 92.226
71.096 21.274 33.503
59.275 123.348 25.671
96.249 220.327 33.642
60.766 19.180 194.166
234.914 241.957 97.931
138.737 2.283 207.468
67.971 115.605 174.798
139.095 19.983 200.672
141.729 190.239 8.770
176.055 143.320 210.603
181.356 175.354 96.383
217.450 81.920 91.555
190.113 82.679 165.520
213.468 236.571 197.829
30.263 46.870 103.240
33.300 67.383 30.817
34.767 85.103 238.466
84.383 208.710 7.338
93.781 171.556 175.941
23.131 97.689 245.756
91.478 208.017 194.815
102.485 247.476 35.418
24.893 64.038 216.611
214.382 89.314 3.730
169.269 41.421 207.780
11.722 174.381 203.567
64.536 106.273 177.401
198.088 27.806 197.413
29.122 149.974 156.688
214.293 41.308 225.332
240.156 194.941 232.175
245.888 72.093 86.293
68.791 232.894 209.043
157.326 218.831 165.707
111.391 81.871 229.601
117.703 225.688 141.865
220.543 91.403 61.697
33.203 203.582 201.375
147.599 77.580 131.453
14.052 120.848 59.888
115.879 188.659 173.427
224.854 89.379 70.971
14.972 166.037 205.363
149.542 135.354 170.876
159.233 145.024 59.338
127.134 189.155 76.652
2.473 19.434 95.347
5.315 223.742 199.655
164.401 152.418 198.641
56.734 179.246 204.630
245.017 80.531 141.398
211.923 138.502 132.537
100.313 191.557 159.260
176.114 246.419 70.987
46.063 41.299 73.259
208.239 28.946 197.388
6.872 3.731 123.418
121.489 220.261 145.594
30.971 166.105 28.994
247.523 31.084 19.922
106.748 82.904 196.613
5.419 120.381 61.391
138.762 24.682 178.300
96.606 217.066 21.943
230.990 144.382 154.702
247.836 64.672 233.011
8.897 37.032 218.416
137.586 197.611 77.643
19.711 57.178 157.112
240.367 78.588 139.959
28.114 186.384 77.498
142.888 146.299 178.479
97.789 57.988 10.747
137.259 225.271 12.146
29.620 72.287 86.668
138.669 73.454 93.750
52.985 131.417 27.150
175.582 135.373 204.883
41.310 179.430 114.178
208.667 198.101 236.949
114.544 0.702 115.476
118.202 55.233 4.409
165.623 188.099 201.034
153.945 54.820 100.375
48.376 138.089 97.754
35.070 97.448 237.300
20.790 101.797 210.584
78.472 161.128 197.079
128.772 178.677 146.229
16.835 196.624 76.649
192.355 38.197 75.332
83.034 199.366 114.259
224.793 75.801 62.370
129.747 108.065 173.551
39.399 133.575 101.150
140.180 139.329 199.894
146.403 150.193 12.392
247.344 56.561 132.208
190.282 61.582 11.976
18.885 145.983 63.803
144.725 106.178 12.100
221.475 159.042 104.443
105.683 40.949 214.981
121.882 204.339 154.754
92.449 203.449 192.321
155.944 31.539 105.625
69.300 9.028 248.293
57.032 73.252 16.140
151.445 142.400 221.030
244.434 54.048 174.780
43.610 203.120 221.768
21.946 0.282 126.847
35.857 168.724 81.647
28.332 143.185 59.241
87.809 28.643 232.109
209.358 74.579 83.673
147.649 8.323 16.497
132.634 80.641 86.604
15.678 106.374 226.793
32.566 60.200 234.849
41.613 140.978 36.840
34.928 242.589 239.169
42.528 0.325 176.464
34.287 229.197 230.994
10.685 207.098 73.070
26.166 137.996 58.067
215.321 55.028 242.404
173.112 71.115 165.798
18.915 165.952 206.629
49.709 168.826 97.847
112.126 159.616 179.976
117.111 101.686 93.670
160.214 132.466 162.191
190.939 218.872 125.531
88.536 86.962 232.282
90.369 218.794 6.425
189.299 135.970 65.950
246.104 103.957 94.172
241.644 234.406 184.261
128.653 18.032 120.072
53.191 178.472 190.838
220.335 204.082 223.488
117.783 33.438 18.442
107.496 202.901 37.619
65.897 242.991 52.811
132.050 204.686 243.705
198.842 10.383 215.705
24.433 83.368 84.243
115.929 240.150 135.743
18.111 61.141 17.687
105.730 1.582 95.087
249.095 120.788 21.858
113.325 154.108 220.963
37.977 11.127 76.827
242.016 168.870 233.014
184.319 97.349 191.283
136.373 180.648 214.872
40.443 189.774 211.370
12.359 40.084 214.223
121.854 77.330 196.257
239.803 33.214 21.445
30.294 154.391 152.198
116.878 7.599 173.572
80.958 18.781 149.826
243.804 6.397 203.867
95.142 128.179 155.124
167.715 235.907 95.396
182.374 209.226 112.767
218.369 203.541 32.772
221.966 45.427 76.229
129.452 230.258 165.726
132.339 142.113 7.772
62.236 130.859 226.352
238.047 228.813 122.500
21.708 202.832 85.078
164.070 41.408 181.171
248.281 101.185 9.772
129.968 9.921 213.364
105.734 172.887 167.342
88.446 186.134 174.505
150.038 215.763 16.461
128.590 178.563 169.533
237.636 45.492 116.030
187.879 48.027 81.329
154.649 52.719 160.137
249.734 126.844 135.584
119.780 16.504 122.428
150.576 175.978 74.365
202.986 70.740 66.406
120.931 54.038 200.632
13.883 61.591 14.012
88.536 213.127 16.796
112.846 32.847 2.675
208.785 32.634 249.698
111.596 22.894 101.405
188.562 158.397 123.057
25.896 132.462 162.357
235.600 112.553 194.897
94.350 244.782 48.004
112.775 2.520 225.378
110.421 17.413 242.140
229.532 241.204 52.564
59.028 71.926 76.618
127.768 194.795 20.679
145.039 51.810 207.170
229.006 61.154 209.539
62.230 56.066 234.203
66.131 107.117 180.750
65.109 236.211 74.155
38.217 131.906 210.762
223.994 232.549 96.800
3.736 180.323 206.031
105.262 169.965 180.095
106.562 164.411 165.395
99.579 96.084 84.092
4.111 183.351 99.069
129.951 75.675 130.630
100.222 1.774 8.036
155.407 71.082 219.962
178.650 27.895 235.294
237.943 9.540 246.474
