196.099 22.897 191.889
96.109 246.780 153.072
165.522 132.126 145.357
231.336 42.019 165.668
58.823 73.104 226.298
247.930 247.991 149.263
122.290 113.426 163.383
168.283 231.046 77.550
100.961 241.587 162.130
196.067 23.259 196.945
173.579 36.776 187.273
23.176 100.123 235.939
150.085 64.326 84.298
168.449 33.147 242.877
141.696 245.619 88.195
224.867 67.641 64.023
217.129 98.078 64.330
65.733 67.923 246.781
87.123 242.625 180.697
60.937 234.741 63.956
119.992 112.592 161.866
147.661 211.998 65.864
73.680 225.444 46.493
65.359 146.617 66.829
106.464 3.693 97.972
133.285 124.351 0.951
0.116 193.666 83.079
86.927 193.624 123.351
182.280 30.468 12.560
176.200 31.434 239.572
156.797 167.842 28.862
116.751 247.529 165.229
59.444 81.593 225.954
235.180 42.919 178.900
145.464 145.697 173.926
138.836 2.009 207.519
218.447 244.410 158.938
75.740 70.393 132.935
168.406 33.208 242.903
224.864 75.196 62.631
43.468 176.692 205.398
160.602 166.218 26.027
114.902 176.460 162.539
96.780 246.734 152.649
213.408 143.877 5.786
206.686 27.247 195.727
177.379 25.576 58.034
220.479 91.583 61.644
180.696 20.484 242.751
60.664 79.141 228.292
193.447 86.669 61.952
33.958 97.872 227.626
167.604 51.948 106.151
89.580 144.378 88.692
20.358 206.455 87.530
66.908 191.268 241.486
247.168 112.488 154.661
139.562 167.610 7.392
88.112 218.424 20.207
138.706 222.835 162.547
141.833 2.127 65.746
18.980 165.953 206.661
43.438 128.295 104.644
106.577 41.210 161.797
241.653 215.380 2.481
151.329 158.552 17.587
105.989 40.891 214.821
130.809 170.899 56.648
249.954 129.405 80.849
159.820 215.492 82.714
102.996 3.117 240.761
68.016 97.081 248.047
141.758 214.500 184.710
19.025 141.587 62.951
162.568 238.206 124.708
70.115 203.332 229.452
31.226 212.167 204.887
138.763 7.974 194.008
37.721 137.246 216.279
160.669 212.973 10.319
223.151 81.463 209.377
92.412 230.102 183.176
5.019 241.421 186.590
145.214 179.385 62.508
126.919 186.198 65.762
154.021 35.776 90.164
89.449 122.320 216.578
180.905 227.857 4.164
40.853 116.211 209.187
44.634 177.202 236.508
6.113 18.742 90.397
97.492 40.376 247.070
238.517 29.978 63.853
182.513 220.937 211.107
220.444 105.172 65.164
46.589 130.469 143.327
148.225 8.968 15.364
112.838 35.060 248.813
2.630 98.418 189.305
80.351 206.232 203.918
195.667 234.929 153.278
246.287 24.031 122.798
83.055 201.087 199.708
24.850 150.283 80.023
196.738 114.619 247.512
68.402 60.992 243.855
126.994 240.340 11.803
147.860 157.389 213.283
140.820 247.152 88.801
112.368 165.814 216.310
210.245 40.457 211.700
159.626 170.744 29.965
162.996 240.368 157.211
27.564 102.242 230.985
115.339 171.707 155.864
42.831 113.493 216.769
51.087 77.678 167.796
106.856 78.757 196.120
80.583 183.975 217.745
150.095 49.323 247.551
150.904 135.682 155.545
230.464 42.071 226.829
217.857 11.097 162.958
180.272 141.868 64.431
146.459 180.556 224.081
149.704 236.073 97.774
59.140 81.878 201.554
104.110 83.066 114.410
101.501 16.776 46.219
160.547 98.203 240.292
92.070 35.521 235.881
236.877 6.867 209.438
56.380 85.931 225.747
213.227 246.408 9.568
29.587 151.768 70.619
235.290 103.894 245.197
173.274 241.155 82.260
0.050 35.953 110.218
147.708 4.033 195.031
100.918 197.810 210.305
57.428 219.916 168.400
69.412 224.444 229.369
24.440 183.892 165.799
164.950 199.158 140.951
44.361 116.567 141.510
163.163 217.421 82.199
203.138 46.379 217.369
12.596 198.872 241.928
249.707 108.241 159.023
139.263 223.209 6.447
241.121 114.759 205.254
41.316 204.936 122.718
225.301 239.944 124.272
180.269 231.221 231.691
43.011 138.617 31.411
35.278 223.488 160.457
144.304 182.873 247.069
140.556 22.261 202.404
217.121 11.355 161.203
110.974 20.547 111.330
142.899 80.318 133.739
201.896 190.527 234.541
154.413 115.713 18.593
25.713 144.071 61.061
221.600 158.269 46.817
143.559 78.108 134.660
173.356 43.596 186.213
198.726 19.539 181.963
120.862 78.161 198.965
56.345 171.826 197.326
83.994 238.955 171.996
86.237 5.019 235.300
148.886 243.341 85.022
37.954 226.949 227.440
185.630 9.856 181.724
101.826 133.101 151.421
139.203 225.127 11.472
190.361 229.676 225.807
44.298 127.356 204.864
101.246 94.069 84.124
169.042 236.530 78.400
138.049 218.277 142.577
137.284 179.238 71.684
181.799 228.758 133.054
160.516 213.612 77.398
42.341 90.516 156.264
149.802 220.691 62.771
152.970 203.264 65.254
55.755 103.372 239.451
238.853 62.621 129.105
45.048 116.874 17.463
104.902 180.918 96.284
26.599 128.187 55.325
169.446 69.889 19.224
189.611 226.881 237.924
180.603 19.597 198.235
246.382 130.714 6.683
145.964 116.960 36.480
183.940 38.884 16.365
231.277 94.992 207.898
217.868 42.333 203.167
234.815 143.162 5.416
245.083 25.065 121.898
210.245 7.757 70.413
184.405 26.407 9.229
32.876 207.153 203.518
73.655 225.025 46.681
224.070 188.644 0.937
207.965 130.145 121.100
68.546 97.424 233.190
211.161 33.108 249.741
26.128 102.822 235.427
189.512 230.309 182.993
127.065 110.800 162.507
162.496 201.562 171.960
80.267 174.979 165.542
233.932 244.247 244.370
128.004 180.588 229.692
6.289 57.757 24.945
149.778 229.588 237.064
105.783 153.539 132.204
217.095 141.471 6.304
175.977 151.907 5.013
247.237 36.878 188.799
243.068 28.123 120.208
81.058 49.705 7.261
166.991 31.584 242.167
64.981 97.685 231.329
173.070 15.021 202.222
59.555 223.878 98.211
157.257 125.782 170.784
214.193 229.112 181.522
225.491 53.912 54.442
168.031 104.054 5.018
176.196 31.022 190.154
18.339 149.573 145.503
218.678 227.851 234.218
224.764 52.799 220.061
28.418 227.843 159.298
53.428 14.243 154.504
90.960 98.451 160.842
236.013 66.207 137.713
96.223 3.529 63.811
235.936 32.753 172.565
173.900 13.584 182.006
210.460 30.881 198.237
192.402 61.229 125.618
47.459 79.332 2.430
11.020 83.836 144.212
14.686 62.476 14.276
34.655 170.206 82.115
157.274 227.048 221.556
23.908 19.954 82.267
25.708 217.483 13.534
126.803 78.632 87.256
85.934 208.097 199.094
32.734 111.820 224.985
201.872 27.029 242.170
180.612 48.253 23.964
134.818 33.393 164.496
93.972 114.802 156.949
109.381 151.434 144.804
217.475 67.399 243.758
129.933 169.658 58.536
196.006 62.278 229.603
1.486 123.586 25.969
39.203 208.351 106.678
97.566 96.335 133.232
139.880 132.927 216.252
112.144 30.157 6.412
224.222 173.093 0.941
128.234 196.408 20.991
184.760 236.470 33.780
148.160 229.805 89.995
150.750 5.617 115.676
231.374 48.175 151.180
43.356 176.709 205.204
107.939 149.687 145.239
160.928 79.780 4.064
29.890 44.553 108.407
134.116 181.126 228.574
163.754 35.616 23.429
105.300 226.380 185.275
151.039 213.948 36.220
147.916 152.415 224.663
114.264 173.310 158.288
155.977 200.890 206.610
158.190 131.936 161.876
154.407 151.470 0.615
219.079 44.706 217.987
247.700 106.530 181.794
189.097 197.221 146.519
50.359 187.400 144.956
128.821 236.849 68.234
171.371 34.254 184.364
83.275 238.702 171.648
206.369 47.504 237.299
166.359 226.900 142.913
212.563 237.500 237.141
167.740 4.577 80.151
120.444 55.328 146.373
77.255 179.660 190.282
37.291 2.024 215.955
218.982 244.603 158.953
148.909 244.642 118.435
215.636 79.047 87.498
40.520 178.134 114.619
116.655 247.655 165.286
15.748 3.685 190.578
110.971 176.725 161.358
11.075 5.432 46.954
114.075 217.917 39.412
61.875 78.493 235.617
44.924 181.428 232.570
0.208 157.369 31.069
173.096 114.680 214.431
